year,district,junior_high_school,junior_high_school_code,senior_high_school,senior_high_school_code,high_school_tier,min_score,score_full_mark,score_rate,is_tie_privilege,comprehensive_eval,last_chinese_math_english,last_math,last_chinese,last_comprehensive_test,source_doc,source_page
2022,徐汇区,上海市南洋初级中学,041316,上海市南洋中学,043015,区属,733.5,800,0.916875,,,405.5,132,132,133,【徐汇】【2022】名额到校最低分数线.pdf,1
2022,徐汇区,上海市南洋初级中学,041316,上海市位育中学,042035,区属,703,800,0.878750,,,386,138,123,130,【徐汇】【2022】名额到校最低分数线.pdf,1
2022,徐汇区,上海市南洋初级中学,041316,上海市上海中学,042032,委属,764,800,0.955000,,,417,144,129,145,【徐汇】【2022】名额到校最低分数线.pdf,1
2022,徐汇区,上海市南洋初级中学,041316,上海市南洋模范中学,042008,区属,709.5,800,0.886875,,,381.5,128,126,135,【徐汇】【2022】名额到校最低分数线.pdf,1
2022,徐汇区,上海市南洋初级中学,041316,上海市第二中学,042001,区属,702.5,800,0.878125,,,388.5,115,129,125,【徐汇】【2022】名额到校最低分数线.pdf,1
2022,徐汇区,上海市宛平中学,041313,上海市南洋中学,043015,区属,678,800,0.847500,,,364,112,120,130,【徐汇】【2022】名额到校最低分数线.pdf,1
2022,徐汇区,上海市宛平中学,041313,上海市位育中学,042035,区属,715,800,0.893750,,,391,128,124,137,【徐汇】【2022】名额到校最低分数线.pdf,1
2022,徐汇区,上海市宛平中学,041313,上海市南洋模范中学,042008,区属,733.5,800,0.916875,,,404.5,127,133,140,【徐汇】【2022】名额到校最低分数线.pdf,1
2022,徐汇区,上海市南洋模范初级中学,041306,上海市南洋中学,043015,区属,734,800,0.917500,,,407,136,127,133,【徐汇】【2022】名额到校最低分数线.pdf,1
2022,徐汇区,上海市南洋模范初级中学,041306,上海市位育中学,042035,区属,728,800,0.910000,,,402,139,122,134,【徐汇】【2022】名额到校最低分数线.pdf,1
2022,徐汇区,上海市南洋模范初级中学,041306,上海市上海中学,042032,委属,698,800,0.872500,,,382,118,124,123,【徐汇】【2022】名额到校最低分数线.pdf,1
2022,徐汇区,上海市南洋模范初级中学,041306,上海市南洋模范中学,042008,区属,744.5,800,0.930625,,,408.5,140,131,140,【徐汇】【2022】名额到校最低分数线.pdf,1
2022,徐汇区,上海市南洋模范初级中学,041306,上海市第二中学,042001,区属,737.5,800,0.921875,,,406.5,130,135,138,【徐汇】【2022】名额到校最低分数线.pdf,1
2022,徐汇区,上海市第二初级中学,041305,华东师范大学第二附属中学,152003,委属,770,800,0.962500,,,432,150,136,145,【徐汇】【2022】名额到校最低分数线.pdf,1
2022,徐汇区,上海市第二初级中学,041305,上海市南洋中学,043015,区属,730.5,800,0.913125,,,398.5,125,138,141,【徐汇】【2022】名额到校最低分数线.pdf,1
2022,徐汇区,上海市第二初级中学,041305,上海市位育中学,042035,区属,731,800,0.913750,,,397,137,120,139,【徐汇】【2022】名额到校最低分数线.pdf,1
2022,徐汇区,上海市第二初级中学,041305,上海市南洋模范中学,042008,区属,754.5,800,0.943125,,,420.5,142,135,139,【徐汇】【2022】名额到校最低分数线.pdf,1
2022,徐汇区,上海市第二初级中学,041305,上海市第二中学,042001,区属,737,800,0.921250,,,402,130,133,139,【徐汇】【2022】名额到校最低分数线.pdf,1
2022,徐汇区,上海市位育初级中学,041302,上海师范大学附属中学,152006,委属,713.5,800,0.891875,,,392.5,131,125,125,【徐汇】【2022】名额到校最低分数线.pdf,1
2022,徐汇区,上海市位育初级中学,041302,上海市南洋中学,043015,区属,731.5,800,0.914375,,,403.5,145,117,138,【徐汇】【2022】名额到校最低分数线.pdf,1
2022,徐汇区,上海市位育初级中学,041302,上海市位育中学,042035,区属,743.5,800,0.929375,,,407.5,138,129,140,【徐汇】【2022】名额到校最低分数线.pdf,1
2022,徐汇区,上海市位育初级中学,041302,上海市南洋模范中学,042008,区属,743.5,800,0.929375,,,414.5,146,126,139,【徐汇】【2022】名额到校最低分数线.pdf,1
2022,徐汇区,上海市位育初级中学,041302,上海市第二中学,042001,区属,729.5,800,0.911875,,,392.5,128,130,141,【徐汇】【2022】名额到校最低分数线.pdf,1
2022,徐汇区,上海市徐汇区教育学院附属实验中学,041327,上海市南洋中学,043015,区属,735,800,0.918750,,,403,127,130,139,【徐汇】【2022】名额到校最低分数线.pdf,2
2022,徐汇区,上海市徐汇区教育学院附属实验中学,041327,上海市位育中学,042035,区属,752.5,800,0.940625,,,416.5,136,140,140,【徐汇】【2022】名额到校最低分数线.pdf,2
2022,徐汇区,上海市徐汇区教育学院附属实验中学,041327,上海市南洋模范中学,042008,区属,684,800,0.855000,,,359,116,114,133,【徐汇】【2022】名额到校最低分数线.pdf,2
2022,徐汇区,上海市徐汇区教育学院附属实验中学,041327,上海市第二中学,042001,区属,701,800,0.876250,,,397,125,134,114,【徐汇】【2022】名额到校最低分数线.pdf,2
2022,徐汇区,上海市龙苑中学,041326,上海市南洋中学,043015,区属,701,800,0.876250,,,379,121,123,123,【徐汇】【2022】名额到校最低分数线.pdf,2
2022,徐汇区,上海市龙苑中学,041326,上海市位育中学,042035,区属,698,800,0.872500,,,379,120,125,123,【徐汇】【2022】名额到校最低分数线.pdf,2
2022,徐汇区,上海市龙苑中学,041326,上海市南洋模范中学,042008,区属,715.5,800,0.894375,,,402.5,139,128,119,【徐汇】【2022】名额到校最低分数线.pdf,2
2022,徐汇区,上海市龙苑中学,041326,上海市第二中学,042001,区属,699,800,0.873750,,,381,123,130,123,【徐汇】【2022】名额到校最低分数线.pdf,2
2022,徐汇区,上海市田林第三中学,041320,上海市南洋中学,043015,区属,728.5,800,0.910625,,,393.5,130,125,142,【徐汇】【2022】名额到校最低分数线.pdf,2
2022,徐汇区,上海市田林第三中学,041320,上海市位育中学,042035,区属,742,800,0.927500,,,410,139,127,139,【徐汇】【2022】名额到校最低分数线.pdf,2
2022,徐汇区,上海市田林第三中学,041320,上海市上海中学,042032,委属,764.5,800,0.955625,,,418.5,146,134,147,【徐汇】【2022】名额到校最低分数线.pdf,2
2022,徐汇区,上海市田林第三中学,041320,上海市南洋模范中学,042008,区属,701.5,800,0.876875,,,383.5,121,123,123,【徐汇】【2022】名额到校最低分数线.pdf,2
2022,徐汇区,上海市田林第三中学,041320,上海市第二中学,042001,区属,737,800,0.921250,,,406,139,129,133,【徐汇】【2022】名额到校最低分数线.pdf,2
2022,徐汇区,上海市田林第二中学,041319,上海市南洋中学,043015,区属,722.5,800,0.903125,,,394.5,136,120,136,【徐汇】【2022】名额到校最低分数线.pdf,2
2022,徐汇区,上海市田林第二中学,041319,上海市位育中学,042035,区属,696,800,0.870000,,,381,112,130,124,【徐汇】【2022】名额到校最低分数线.pdf,2
2022,徐汇区,上海市田林第二中学,041319,上海市上海中学,042032,委属,768.5,800,0.960625,,,433.5,150,136,139,【徐汇】【2022】名额到校最低分数线.pdf,2
2022,徐汇区,上海市田林第二中学,041319,上海市南洋模范中学,042008,区属,687,800,0.858750,,,378,116,130,124,【徐汇】【2022】名额到校最低分数线.pdf,2
2022,徐汇区,上海市田林第二中学,041319,上海市第二中学,042001,区属,717,800,0.896250,,,397,137,119,123,【徐汇】【2022】名额到校最低分数线.pdf,2
2022,徐汇区,上海市田林中学,041318,上海市南洋中学,043015,区属,726.5,800,0.908125,,,403.5,125,134,131,【徐汇】【2022】名额到校最低分数线.pdf,2
2022,徐汇区,上海市田林中学,041318,上海市位育中学,042035,区属,726,800,0.907500,,,399,135,126,134,【徐汇】【2022】名额到校最低分数线.pdf,2
2022,徐汇区,上海市田林中学,041318,上海市南洋模范中学,042008,区属,699.5,800,0.874375,,,378.5,119,122,131,【徐汇】【2022】名额到校最低分数线.pdf,2
2022,徐汇区,上海市田林中学,041318,上海市第二中学,042001,区属,716,800,0.895000,,,390,125,124,133,【徐汇】【2022】名额到校最低分数线.pdf,2
2022,徐汇区,上海市南洋初级中学,041316,复旦大学附属中学,102057,委属,770,800,0.962500,,,430,150,137,142,【徐汇】【2022】名额到校最低分数线.pdf,2
2022,徐汇区,上海市紫阳中学,041336,上海市南洋模范中学,042008,区属,749.5,800,0.936875,,,413.5,137,137,141,【徐汇】【2022】名额到校最低分数线.pdf,3
2022,徐汇区,上海市紫阳中学,041336,上海市第二中学,042001,区属,727.5,800,0.909375,,,400.5,137,124,133,【徐汇】【2022】名额到校最低分数线.pdf,3
2022,徐汇区,上海市梅园中学,041334,上海市南洋中学,043015,区属,729,800,0.911250,,,401,139,135,133,【徐汇】【2022】名额到校最低分数线.pdf,3
2022,徐汇区,上海市梅园中学,041334,上海市位育中学,042035,区属,741,800,0.926250,,,406,133,130,144,【徐汇】【2022】名额到校最低分数线.pdf,3
2022,徐汇区,上海市梅园中学,041334,上海市南洋模范中学,042008,区属,744.5,800,0.930625,,,410.5,144,123,138,【徐汇】【2022】名额到校最低分数线.pdf,3
2022,徐汇区,上海市梅园中学,041334,上海市第二中学,042001,区属,737,800,0.921250,,,402,134,126,141,【徐汇】【2022】名额到校最低分数线.pdf,3
2022,徐汇区,上海市汾阳中学,041331,上海师范大学附属中学,152006,委属,701,800,0.876250,,,374,111,125,134,【徐汇】【2022】名额到校最低分数线.pdf,3
2022,徐汇区,上海市汾阳中学,041331,上海市南洋中学,043015,区属,719.5,800,0.899375,,,390.5,132,125,125,【徐汇】【2022】名额到校最低分数线.pdf,3
2022,徐汇区,上海市汾阳中学,041331,上海市位育中学,042035,区属,720.5,800,0.900625,,,391.5,129,126,134,【徐汇】【2022】名额到校最低分数线.pdf,3
2022,徐汇区,上海市汾阳中学,041331,上海市南洋模范中学,042008,区属,743,800,0.928750,,,416,135,137,130,【徐汇】【2022】名额到校最低分数线.pdf,3
2022,徐汇区,上海市汾阳中学,041331,上海市第二中学,042001,区属,719.5,800,0.899375,,,394.5,129,126,130,【徐汇】【2022】名额到校最低分数线.pdf,3
2022,徐汇区,上海市园南中学,041329,上海市南洋中学,043015,区属,734,800,0.917500,,,404,135,129,135,【徐汇】【2022】名额到校最低分数线.pdf,3
2022,徐汇区,上海市园南中学,041329,上海市位育中学,042035,区属,751.5,800,0.939375,,,421.5,143,138,134,【徐汇】【2022】名额到校最低分数线.pdf,3
2022,徐汇区,上海市园南中学,041329,上海市上海中学,042032,委属,757,800,0.946250,,,427,146,135,134,【徐汇】【2022】名额到校最低分数线.pdf,3
2022,徐汇区,上海市园南中学,041329,上海市南洋模范中学,042008,区属,748.5,800,0.935625,,,415.5,146,128,138,【徐汇】【2022】名额到校最低分数线.pdf,3
2022,徐汇区,上海市园南中学,041329,上海市第二中学,042001,区属,724,800,0.905000,,,410,135,134,120,【徐汇】【2022】名额到校最低分数线.pdf,3
2022,徐汇区,上海市长桥中学,041328,上海市南洋中学,043015,区属,736,800,0.920000,,,414,135,137,126,【徐汇】【2022】名额到校最低分数线.pdf,3
2022,徐汇区,上海市长桥中学,041328,上海市位育中学,042035,区属,719.5,800,0.899375,,,395.5,117,136,127,【徐汇】【2022】名额到校最低分数线.pdf,3
2022,徐汇区,上海市长桥中学,041328,上海市上海中学,042032,委属,765.5,800,0.956875,,,431.5,150,138,139,【徐汇】【2022】名额到校最低分数线.pdf,3
2022,徐汇区,上海市长桥中学,041328,上海市南洋模范中学,042008,区属,741.5,800,0.926875,,,416.5,140,134,129,【徐汇】【2022】名额到校最低分数线.pdf,3
2022,徐汇区,上海市长桥中学,041328,上海市第二中学,042001,区属,717.5,800,0.896875,,,392.5,121,130,128,【徐汇】【2022】名额到校最低分数线.pdf,3
2022,徐汇区,上海市徐汇区教育学院附属实验中学,041327,上海师范大学附属中学,152006,委属,728.5,800,0.910625,,,404.5,133,131,133,【徐汇】【2022】名额到校最低分数线.pdf,3
2022,徐汇区,上海市徐汇区教育学院附属实验中学,041327,上海交通大学附属中学,102056,委属,769,800,0.961250,,,429,149,135,149,【徐汇】【2022】名额到校最低分数线.pdf,3
2022,徐汇区,上海市徐汇中学,044109,上海市上海中学,042032,委属,761.5,800,0.951875,,,421.5,149,133,141,【徐汇】【2022】名额到校最低分数线.pdf,4
2022,徐汇区,上海市徐汇中学,044109,上海市南洋模范中学,042008,区属,749.5,800,0.936875,,,411.5,142,129,140,【徐汇】【2022】名额到校最低分数线.pdf,4
2022,徐汇区,上海市徐汇中学,044109,上海市第二中学,042001,区属,730,800,0.912500,,,401,129,133,135,【徐汇】【2022】名额到校最低分数线.pdf,4
2022,徐汇区,上海市第五十四中学,044107,上海交通大学附属中学,102056,委属,762,800,0.952500,,,420,149,133,144,【徐汇】【2022】名额到校最低分数线.pdf,4
2022,徐汇区,上海市第五十四中学,044107,上海市南洋中学,043015,区属,730,800,0.912500,,,399,134,129,137,【徐汇】【2022】名额到校最低分数线.pdf,4
2022,徐汇区,上海市第五十四中学,044107,上海市位育中学,042035,区属,728.5,800,0.910625,,,400.5,132,127,132,【徐汇】【2022】名额到校最低分数线.pdf,4
2022,徐汇区,上海市第五十四中学,044107,上海市南洋模范中学,042008,区属,726.5,800,0.908125,,,400.5,132,126,133,【徐汇】【2022】名额到校最低分数线.pdf,4
2022,徐汇区,上海市第五十四中学,044107,上海市第二中学,042001,区属,738,800,0.922500,,,407,137,132,136,【徐汇】【2022】名额到校最低分数线.pdf,4
2022,徐汇区,上海市中国中学,044103,上海师范大学附属中学,152006,委属,741.5,800,0.926875,,,407.5,130,131,135,【徐汇】【2022】名额到校最低分数线.pdf,4
2022,徐汇区,上海市中国中学,044103,上海市南洋中学,043015,区属,736,800,0.920000,,,404,133,128,134,【徐汇】【2022】名额到校最低分数线.pdf,4
2022,徐汇区,上海市中国中学,044103,上海市位育中学,042035,区属,736,800,0.920000,,,403,126,135,133,【徐汇】【2022】名额到校最低分数线.pdf,4
2022,徐汇区,上海市中国中学,044103,上海市上海中学,042032,委属,760.5,800,0.950625,,,425.5,146,136,137,【徐汇】【2022】名额到校最低分数线.pdf,4
2022,徐汇区,上海市中国中学,044103,上海市南洋模范中学,042008,区属,734.5,800,0.918125,,,393.5,126,128,142,【徐汇】【2022】名额到校最低分数线.pdf,4
2022,徐汇区,上海市中国中学,044103,上海市第二中学,042001,区属,730,800,0.912500,,,402,143,125,137,【徐汇】【2022】名额到校最低分数线.pdf,4
2022,徐汇区,上海市康健外国语实验中学,041347,上海市南洋中学,043015,区属,720.5,800,0.900625,,,395.5,129,125,130,【徐汇】【2022】名额到校最低分数线.pdf,4
2022,徐汇区,上海市康健外国语实验中学,041347,上海市位育中学,042035,区属,740,800,0.925000,,,402,130,132,140,【徐汇】【2022】名额到校最低分数线.pdf,4
2022,徐汇区,上海市康健外国语实验中学,041347,上海市上海中学,042032,委属,755,800,0.943750,,,417,142,135,139,【徐汇】【2022】名额到校最低分数线.pdf,4
2022,徐汇区,上海市康健外国语实验中学,041347,上海市南洋模范中学,042008,区属,733,800,0.916250,,,403,134,129,134,【徐汇】【2022】名额到校最低分数线.pdf,4
2022,徐汇区,上海市康健外国语实验中学,041347,上海市第二中学,042001,区属,717,800,0.896250,,,394,125,129,129,【徐汇】【2022】名额到校最低分数线.pdf,4
2022,徐汇区,上海市紫阳中学,041336,上海交通大学附属中学,102056,委属,760.5,800,0.950625,,,421.5,147,132,143,【徐汇】【2022】名额到校最低分数线.pdf,4
2022,徐汇区,上海市紫阳中学,041336,上海市南洋中学,043015,区属,721,800,0.901250,,,406,140,130,120,【徐汇】【2022】名额到校最低分数线.pdf,4
2022,徐汇区,上海市紫阳中学,041336,上海市位育中学,042035,区属,745.5,800,0.931875,,,411.5,142,132,142,【徐汇】【2022】名额到校最低分数线.pdf,4
2022,徐汇区,上海市紫阳中学,041336,上海市上海中学,042032,委属,761,800,0.951250,,,422,150,131,141,【徐汇】【2022】名额到校最低分数线.pdf,4
2022,徐汇区,华东理工大学附属中学,044133,上海市上海中学,042032,委属,760.5,800,0.950625,,,423.5,146,134,143,【徐汇】【2022】名额到校最低分数线.pdf,5
2022,徐汇区,华东理工大学附属中学,044133,上海市南洋模范中学,042008,区属,705,800,0.881250,,,384,121,130,127,【徐汇】【2022】名额到校最低分数线.pdf,5
2022,徐汇区,华东理工大学附属中学,044133,上海市第二中学,042001,区属,706,800,0.882500,,,389,126,131,125,【徐汇】【2022】名额到校最低分数线.pdf,5
2022,徐汇区,上海师大附中附属龙华中学,044125,上海市南洋中学,043015,区属,695.5,800,0.869375,,,391.5,124,134,116,【徐汇】【2022】名额到校最低分数线.pdf,5
2022,徐汇区,上海师大附中附属龙华中学,044125,上海市位育中学,042035,区属,703.5,800,0.879375,,,394.5,119,135,113,【徐汇】【2022】名额到校最低分数线.pdf,5
2022,徐汇区,上海师大附中附属龙华中学,044125,上海市上海中学,042032,委属,760.5,800,0.950625,,,419.5,149,131,145,【徐汇】【2022】名额到校最低分数线.pdf,5
2022,徐汇区,上海师大附中附属龙华中学,044125,上海市南洋模范中学,042008,区属,718.5,800,0.898125,,,396.5,133,124,133,【徐汇】【2022】名额到校最低分数线.pdf,5
2022,徐汇区,上海师大附中附属龙华中学,044125,上海市第二中学,042001,区属,716.5,800,0.895625,,,392.5,129,128,138,【徐汇】【2022】名额到校最低分数线.pdf,5
2022,徐汇区,上海市零陵中学,044114,上海市南洋中学,043015,区属,703.5,800,0.879375,,,386.5,129,119,124,【徐汇】【2022】名额到校最低分数线.pdf,5
2022,徐汇区,上海市零陵中学,044114,上海市位育中学,042035,区属,695,800,0.868750,,,377,104,129,124,【徐汇】【2022】名额到校最低分数线.pdf,5
2022,徐汇区,上海市零陵中学,044114,上海市南洋模范中学,042008,区属,741,800,0.926250,,,407,136,131,140,【徐汇】【2022】名额到校最低分数线.pdf,5
2022,徐汇区,上海市零陵中学,044114,上海市第二中学,042001,区属,705,800,0.881250,,,386,125,126,126,【徐汇】【2022】名额到校最低分数线.pdf,5
2022,徐汇区,上海市第四中学,044111,上海师范大学附属中学,152006,委属,685.5,800,0.856875,,,360.5,121,115,133,【徐汇】【2022】名额到校最低分数线.pdf,5
2022,徐汇区,上海市第四中学,044111,复旦大学附属中学,102057,委属,755.5,800,0.944375,,,416.5,137,141,140,【徐汇】【2022】名额到校最低分数线.pdf,5
2022,徐汇区,上海市第四中学,044111,上海市南洋中学,043015,区属,728,800,0.910000,,,397,121,138,137,【徐汇】【2022】名额到校最低分数线.pdf,5
2022,徐汇区,上海市第四中学,044111,上海市位育中学,042035,区属,736,800,0.920000,,,401,129,131,141,【徐汇】【2022】名额到校最低分数线.pdf,5
2022,徐汇区,上海市第四中学,044111,上海市上海中学,042032,委属,757,800,0.946250,,,417,150,125,143,【徐汇】【2022】名额到校最低分数线.pdf,5
2022,徐汇区,上海市第四中学,044111,上海市南洋模范中学,042008,区属,719.5,800,0.899375,,,393.5,135,126,132,【徐汇】【2022】名额到校最低分数线.pdf,5
2022,徐汇区,上海市第四中学,044111,上海市第二中学,042001,区属,707.5,800,0.884375,,,387.5,124,127,127,【徐汇】【2022】名额到校最低分数线.pdf,5
2022,徐汇区,上海市徐汇中学,044109,上海师范大学附属中学,152006,委属,698,800,0.872500,,,391,125,124,124,【徐汇】【2022】名额到校最低分数线.pdf,5
2022,徐汇区,上海市徐汇中学,044109,华东师范大学第二附属中学,152003,委属,770,800,0.962500,,,429,150,132,142,【徐汇】【2022】名额到校最低分数线.pdf,5
2022,徐汇区,上海市徐汇中学,044109,上海市南洋中学,043015,区属,730,800,0.912500,,,393,125,130,139,【徐汇】【2022】名额到校最低分数线.pdf,5
2022,徐汇区,上海市徐汇中学,044109,上海市位育中学,042035,区属,737,800,0.921250,,,400,134,127,138,【徐汇】【2022】名额到校最低分数线.pdf,5
2022,徐汇区,上海师范大学第三附属实验学校,045444,上海市南洋中学,043015,区属,733.5,800,0.916875,,,401.5,129,132,138,【徐汇】【2022】名额到校最低分数线.pdf,6
2022,徐汇区,上海师范大学第三附属实验学校,045444,上海市位育中学,042035,区属,747,800,0.933750,,,405,133,132,143,【徐汇】【2022】名额到校最低分数线.pdf,6
2022,徐汇区,上海师范大学第三附属实验学校,045444,上海市上海中学,042032,委属,700.5,800,0.875625,,,387.5,130,123,124,【徐汇】【2022】名额到校最低分数线.pdf,6
2022,徐汇区,上海师范大学第三附属实验学校,045444,上海市南洋模范中学,042008,区属,732.5,800,0.915625,,,402.5,131,131,134,【徐汇】【2022】名额到校最低分数线.pdf,6
2022,徐汇区,上海师范大学第三附属实验学校,045444,上海市第二中学,042001,区属,727.5,800,0.909375,,,400.5,131,127,133,【徐汇】【2022】名额到校最低分数线.pdf,6
2022,徐汇区,上海市位育实验学校,045304,上海市南洋中学,043015,区属,731.5,800,0.914375,,,405.5,134,136,131,【徐汇】【2022】名额到校最低分数线.pdf,6
2022,徐汇区,上海市位育实验学校,045304,上海市位育中学,042035,区属,734,800,0.917500,,,405,130,132,135,【徐汇】【2022】名额到校最低分数线.pdf,6
2022,徐汇区,上海市位育实验学校,045304,上海市上海中学,042032,委属,765,800,0.956250,,,422,144,136,141,【徐汇】【2022】名额到校最低分数线.pdf,6
2022,徐汇区,上海市位育实验学校,045304,上海市南洋模范中学,042008,区属,743,800,0.928750,,,407,137,124,138,【徐汇】【2022】名额到校最低分数线.pdf,6
2022,徐汇区,上海市位育实验学校,045304,上海市第二中学,042001,区属,723.5,800,0.904375,,,400.5,133,129,129,【徐汇】【2022】名额到校最低分数线.pdf,6
2022,徐汇区,上海市徐汇位育体校,045146,上海市位育中学,042035,区属,683.5,800,0.854375,,,367.5,120,121,124,【徐汇】【2022】名额到校最低分数线.pdf,6
2022,徐汇区,华东理工大学附属中学,044133,上海市南洋中学,043015,区属,715.5,800,0.894375,,,386.5,125,130,136,【徐汇】【2022】名额到校最低分数线.pdf,6
2022,徐汇区,华东理工大学附属中学,044133,上海市位育中学,042035,区属,724,800,0.905000,,,396,131,127,138,【徐汇】【2022】名额到校最低分数线.pdf,6
2023,徐汇区,上海市田林中学,041318,上海市南洋模范中学,042008,区属,734.5,800,0.918125,否,,394.5,130,128,144,【徐汇】【2023】名额到校最低分数线.pdf,1
2023,徐汇区,上海市田林中学,041318,上海市第二中学,042001,区属,709.5,800,0.886875,否,,386.5,129,119,128,【徐汇】【2023】名额到校最低分数线.pdf,1
2023,徐汇区,上海市南洋初级中学,041316,复旦大学附属中学,102057,委属,747,800,0.933750,否,,410,143,127,142,【徐汇】【2023】名额到校最低分数线.pdf,1
2023,徐汇区,上海市南洋初级中学,041316,上海市南洋中学,043015,区属,718,800,0.897500,否,,403,135,128,123,【徐汇】【2023】名额到校最低分数线.pdf,1
2023,徐汇区,上海市南洋初级中学,041316,复旦大学附属中学徐汇分校,042036,区属,749.5,800,0.936875,否,,416.5,136,138,141,【徐汇】【2023】名额到校最低分数线.pdf,1
2023,徐汇区,上海市南洋初级中学,041316,上海市位育中学,042035,区属,720.5,800,0.900625,否,,393.5,124,127,124,【徐汇】【2023】名额到校最低分数线.pdf,1
2023,徐汇区,上海市南洋初级中学,041316,上海市上海中学,042032,委属,674.5,800,0.843125,否,,360.5,110,119,119,【徐汇】【2023】名额到校最低分数线.pdf,1
2023,徐汇区,上海市南洋初级中学,041316,上海市南洋模范中学,042008,区属,727,800,0.908750,否,,397,140,116,135,【徐汇】【2023】名额到校最低分数线.pdf,1
2023,徐汇区,上海市南洋初级中学,041316,上海市第二中学,042001,区属,714.5,800,0.893125,是,,383.5,131,124,135,【徐汇】【2023】名额到校最低分数线.pdf,1
2023,徐汇区,上海市南洋模范初级中学,041306,复旦大学附属中学,102057,委属,700.5,800,0.875625,否,,378.5,114,132,123,【徐汇】【2023】名额到校最低分数线.pdf,1
2023,徐汇区,上海市南洋模范初级中学,041306,上海市南洋中学,043015,区属,717,800,0.896250,否,,394,128,122,131,【徐汇】【2023】名额到校最低分数线.pdf,1
2023,徐汇区,上海市南洋模范初级中学,041306,复旦大学附属中学徐汇分校,042036,区属,704.5,800,0.880625,否,,385.5,129,116,122,【徐汇】【2023】名额到校最低分数线.pdf,1
2023,徐汇区,上海市南洋模范初级中学,041306,上海市位育中学,042035,区属,733.5,800,0.916875,否,,405.5,145,126,136,【徐汇】【2023】名额到校最低分数线.pdf,1
2023,徐汇区,上海市南洋模范初级中学,041306,上海市上海中学,042032,委属,742.5,800,0.928125,否,,405.5,132,135,140,【徐汇】【2023】名额到校最低分数线.pdf,1
2023,徐汇区,上海市南洋模范初级中学,041306,上海市南洋模范中学,042008,区属,740,800,0.925000,否,,405,138,123,137,【徐汇】【2023】名额到校最低分数线.pdf,1
2023,徐汇区,上海市南洋模范初级中学,041306,上海市第二中学,042001,区属,729.5,800,0.911875,否,,399.5,139,119,135,【徐汇】【2023】名额到校最低分数线.pdf,1
2023,徐汇区,上海市第二初级中学,041305,华东师范大学第二附属中学,152003,委属,751.5,800,0.939375,否,,415.5,143,128,141,【徐汇】【2023】名额到校最低分数线.pdf,1
2023,徐汇区,上海市第二初级中学,041305,上海市南洋中学,043015,区属,718.5,800,0.898125,否,,392.5,128,124,133,【徐汇】【2023】名额到校最低分数线.pdf,1
2023,徐汇区,上海市第二初级中学,041305,复旦大学附属中学徐汇分校,042036,区属,750,800,0.937500,否,,412,131,134,141,【徐汇】【2023】名额到校最低分数线.pdf,1
2023,徐汇区,上海市第二初级中学,041305,上海市位育中学,042035,区属,729.5,800,0.911875,否,,400.5,135,124,131,【徐汇】【2023】名额到校最低分数线.pdf,1
2023,徐汇区,上海市第二初级中学,041305,上海市上海中学,042032,委属,754.5,800,0.943125,否,,418.5,144,131,143,【徐汇】【2023】名额到校最低分数线.pdf,1
2023,徐汇区,上海市第二初级中学,041305,上海市南洋模范中学,042008,区属,738,800,0.922500,否,,398,136,120,142,【徐汇】【2023】名额到校最低分数线.pdf,1
2023,徐汇区,上海市第二初级中学,041305,上海市第二中学,042001,区属,726.5,800,0.908125,否,,398.5,135,126,136,【徐汇】【2023】名额到校最低分数线.pdf,1
2023,徐汇区,上海市位育初级中学,041302,上海市南洋中学,043015,区属,721.5,800,0.901875,否,,396.5,123,132,129,【徐汇】【2023】名额到校最低分数线.pdf,1
2023,徐汇区,上海市位育初级中学,041302,复旦大学附属中学徐汇分校,042036,区属,746.5,800,0.933125,否,,415.5,132,137,133,【徐汇】【2023】名额到校最低分数线.pdf,1
2023,徐汇区,上海市位育初级中学,041302,上海市位育中学,042035,区属,736.5,800,0.920625,否,,403.5,132,129,138,【徐汇】【2023】名额到校最低分数线.pdf,1
2023,徐汇区,上海市位育初级中学,041302,上海市上海中学,042032,委属,750,800,0.937500,否,,417,137,134,139,【徐汇】【2023】名额到校最低分数线.pdf,1
2023,徐汇区,上海市位育初级中学,041302,上海市南洋模范中学,042008,区属,743,800,0.928750,否,,410,132,132,138,【徐汇】【2023】名额到校最低分数线.pdf,1
2023,徐汇区,上海市位育初级中学,041302,上海市第二中学,042001,区属,733.5,800,0.916875,否,,403.5,130,129,137,【徐汇】【2023】名额到校最低分数线.pdf,1
2023,徐汇区,上海市徐汇区教育学院附属实验中学,041327,上海市南洋中学,043015,区属,724.5,800,0.905625,否,,397.5,127,129,129,【徐汇】【2023】名额到校最低分数线.pdf,2
2023,徐汇区,上海市徐汇区教育学院附属实验中学,041327,复旦大学附属中学徐汇分校,042036,区属,741,800,0.926250,否,,415,137,133,131,【徐汇】【2023】名额到校最低分数线.pdf,2
2023,徐汇区,上海市徐汇区教育学院附属实验中学,041327,上海市位育中学,042035,区属,733.5,800,0.916875,否,,400.5,128,131,138,【徐汇】【2023】名额到校最低分数线.pdf,2
2023,徐汇区,上海市徐汇区教育学院附属实验中学,041327,上海市上海中学,042032,委属,755,800,0.943750,否,,415,136,134,144,【徐汇】【2023】名额到校最低分数线.pdf,2
2023,徐汇区,上海市徐汇区教育学院附属实验中学,041327,上海市南洋模范中学,042008,区属,740,800,0.925000,否,,407,138,128,138,【徐汇】【2023】名额到校最低分数线.pdf,2
2023,徐汇区,上海市徐汇区教育学院附属实验中学,041327,上海市第二中学,042001,区属,729.5,800,0.911875,否,,396.5,127,130,135,【徐汇】【2023】名额到校最低分数线.pdf,2
2023,徐汇区,上海市龙苑中学,041326,上海师范大学附属中学,152006,委属,697.5,800,0.871875,否,,376.5,116,123,123,【徐汇】【2023】名额到校最低分数线.pdf,2
2023,徐汇区,上海市龙苑中学,041326,上海市南洋中学,043015,区属,679.5,800,0.849375,否,,356.5,119,117,130,【徐汇】【2023】名额到校最低分数线.pdf,2
2023,徐汇区,上海市龙苑中学,041326,复旦大学附属中学徐汇分校,042036,区属,730.5,800,0.913125,否,,409.5,137,130,123,【徐汇】【2023】名额到校最低分数线.pdf,2
2023,徐汇区,上海市龙苑中学,041326,上海市位育中学,042035,区属,678.5,800,0.848125,否,,366.5,116,121,121,【徐汇】【2023】名额到校最低分数线.pdf,2
2023,徐汇区,上海市龙苑中学,041326,上海市南洋模范中学,042008,区属,695.5,800,0.869375,否,,377.5,118,120,122,【徐汇】【2023】名额到校最低分数线.pdf,2
2023,徐汇区,上海市龙苑中学,041326,上海市第二中学,042001,区属,676.5,800,0.845625,否,,360.5,122,118,123,【徐汇】【2023】名额到校最低分数线.pdf,2
2023,徐汇区,上海市田林第三中学,041320,华东师范大学第二附属中学,152003,委属,748,800,0.935000,否,,419,139,132,138,【徐汇】【2023】名额到校最低分数线.pdf,2
2023,徐汇区,上海市田林第三中学,041320,上海市南洋中学,043015,区属,723,800,0.903750,否,,398,127,128,131,【徐汇】【2023】名额到校最低分数线.pdf,2
2023,徐汇区,上海市田林第三中学,041320,复旦大学附属中学徐汇分校,042036,区属,743.5,800,0.929375,否,,413.5,142,133,134,【徐汇】【2023】名额到校最低分数线.pdf,2
2023,徐汇区,上海市田林第三中学,041320,上海市位育中学,042035,区属,731.5,800,0.914375,否,,402.5,124,138,133,【徐汇】【2023】名额到校最低分数线.pdf,2
2023,徐汇区,上海市田林第三中学,041320,上海市上海中学,042032,委属,755.5,800,0.944375,否,,417.5,140,130,140,【徐汇】【2023】名额到校最低分数线.pdf,2
2023,徐汇区,上海市田林第三中学,041320,上海市南洋模范中学,042008,区属,731,800,0.913750,否,,405,131,132,132,【徐汇】【2023】名额到校最低分数线.pdf,2
2023,徐汇区,上海市田林第三中学,041320,上海市第二中学,042001,区属,724.5,800,0.905625,否,,396.5,139,129,138,【徐汇】【2023】名额到校最低分数线.pdf,2
2023,徐汇区,上海市田林第二中学,041319,上海市南洋中学,043015,区属,715,800,0.893750,否,,388,121,128,132,【徐汇】【2023】名额到校最低分数线.pdf,2
2023,徐汇区,上海市田林第二中学,041319,复旦大学附属中学徐汇分校,042036,区属,748.5,800,0.935625,否,,419.5,142,131,134,【徐汇】【2023】名额到校最低分数线.pdf,2
2023,徐汇区,上海市田林第二中学,041319,上海市位育中学,042035,区属,721,800,0.901250,否,,396,128,131,131,【徐汇】【2023】名额到校最低分数线.pdf,2
2023,徐汇区,上海市田林第二中学,041319,上海市上海中学,042032,委属,733,800,0.916250,否,,399,130,129,137,【徐汇】【2023】名额到校最低分数线.pdf,2
2023,徐汇区,上海市田林第二中学,041319,上海市南洋模范中学,042008,区属,723,800,0.903750,否,,392,133,123,135,【徐汇】【2023】名额到校最低分数线.pdf,2
2023,徐汇区,上海市田林第二中学,041319,上海市第二中学,042001,区属,714,800,0.892500,否,,385,133,119,135,【徐汇】【2023】名额到校最低分数线.pdf,2
2023,徐汇区,上海市田林中学,041318,上海市南洋中学,043015,区属,724,800,0.905000,否,,402,135,131,124,【徐汇】【2023】名额到校最低分数线.pdf,2
2023,徐汇区,上海市田林中学,041318,复旦大学附属中学徐汇分校,042036,区属,748,800,0.935000,否,,409,133,136,140,【徐汇】【2023】名额到校最低分数线.pdf,2
2023,徐汇区,上海市田林中学,041318,上海市位育中学,042035,区属,732,800,0.915000,否,,402,139,125,139,【徐汇】【2023】名额到校最低分数线.pdf,2
2023,徐汇区,上海市田林中学,041318,上海市上海中学,042032,委属,751,800,0.938750,否,,411,138,129,141,【徐汇】【2023】名额到校最低分数线.pdf,2
2023,徐汇区,上海市紫阳中学,041336,上海市南洋中学,043015,区属,723.5,800,0.904375,否,,394.5,123,134,130,【徐汇】【2023】名额到校最低分数线.pdf,3
2023,徐汇区,上海市紫阳中学,041336,复旦大学附属中学徐汇分校,042036,区属,747,800,0.933750,否,,412,137,134,138,【徐汇】【2023】名额到校最低分数线.pdf,3
2023,徐汇区,上海市紫阳中学,041336,上海市位育中学,042035,区属,737.5,800,0.921875,否,,406.5,137,132,138,【徐汇】【2023】名额到校最低分数线.pdf,3
2023,徐汇区,上海市紫阳中学,041336,上海市南洋模范中学,042008,区属,748.5,800,0.935625,否,,410.5,132,137,139,【徐汇】【2023】名额到校最低分数线.pdf,3
2023,徐汇区,上海市紫阳中学,041336,上海市第二中学,042001,区属,725.5,800,0.906875,否,,402.5,129,129,128,【徐汇】【2023】名额到校最低分数线.pdf,3
2023,徐汇区,上海市梅园中学,041334,上海市南洋中学,043015,区属,718.5,800,0.898125,否,,385.5,123,123,141,【徐汇】【2023】名额到校最低分数线.pdf,3
2023,徐汇区,上海市梅园中学,041334,复旦大学附属中学徐汇分校,042036,区属,744,800,0.930000,否,,405,125,138,141,【徐汇】【2023】名额到校最低分数线.pdf,3
2023,徐汇区,上海市梅园中学,041334,上海市位育中学,042035,区属,729,800,0.911250,否,,398,132,128,138,【徐汇】【2023】名额到校最低分数线.pdf,3
2023,徐汇区,上海市梅园中学,041334,上海市南洋模范中学,042008,区属,732.5,800,0.915625,否,,402.5,137,125,135,【徐汇】【2023】名额到校最低分数线.pdf,3
2023,徐汇区,上海市梅园中学,041334,上海市第二中学,042001,区属,723.5,800,0.904375,否,,397.5,115,137,128,【徐汇】【2023】名额到校最低分数线.pdf,3
2023,徐汇区,上海市汾阳中学,041331,上海市南洋中学,043015,区属,698,800,0.872500,否,,382,110,130,123,【徐汇】【2023】名额到校最低分数线.pdf,3
2023,徐汇区,上海市汾阳中学,041331,复旦大学附属中学徐汇分校,042036,区属,722,800,0.902500,否,,396,140,119,133,【徐汇】【2023】名额到校最低分数线.pdf,3
2023,徐汇区,上海市汾阳中学,041331,上海市位育中学,042035,区属,702.5,800,0.878125,否,,384.5,118,128,127,【徐汇】【2023】名额到校最低分数线.pdf,3
2023,徐汇区,上海市汾阳中学,041331,上海市上海中学,042032,委属,736.5,800,0.920625,否,,411.5,130,133,132,【徐汇】【2023】名额到校最低分数线.pdf,3
2023,徐汇区,上海市汾阳中学,041331,上海市南洋模范中学,042008,区属,703.5,800,0.879375,否,,383.5,133,112,129,【徐汇】【2023】名额到校最低分数线.pdf,3
2023,徐汇区,上海市汾阳中学,041331,上海市第二中学,042001,区属,695.5,800,0.869375,否,,379.5,115,124,122,【徐汇】【2023】名额到校最低分数线.pdf,3
2023,徐汇区,上海市园南中学,041329,上海市南洋中学,043015,区属,721,800,0.901250,否,,386,140,116,141,【徐汇】【2023】名额到校最低分数线.pdf,3
2023,徐汇区,上海市园南中学,041329,复旦大学附属中学徐汇分校,042036,区属,718.5,800,0.898125,否,,395.5,131,123,127,【徐汇】【2023】名额到校最低分数线.pdf,3
2023,徐汇区,上海市园南中学,041329,上海市位育中学,042035,区属,742,800,0.927500,否,,408,133,130,139,【徐汇】【2023】名额到校最低分数线.pdf,3
2023,徐汇区,上海市园南中学,041329,上海市上海中学,042032,委属,749.5,800,0.936875,否,,419.5,141,132,137,【徐汇】【2023】名额到校最低分数线.pdf,3
2023,徐汇区,上海市园南中学,041329,上海市南洋模范中学,042008,区属,746.5,800,0.933125,否,,415.5,138,130,136,【徐汇】【2023】名额到校最低分数线.pdf,3
2023,徐汇区,上海市园南中学,041329,上海市第二中学,042001,区属,731,800,0.913750,否,,401,131,123,134,【徐汇】【2023】名额到校最低分数线.pdf,3
2023,徐汇区,上海市长桥中学,041328,上海师范大学附属中学,152006,委属,708.5,800,0.885625,否,,384.5,118,122,128,【徐汇】【2023】名额到校最低分数线.pdf,3
2023,徐汇区,上海市长桥中学,041328,上海市南洋中学,043015,区属,714,800,0.892500,否,,392,133,123,130,【徐汇】【2023】名额到校最低分数线.pdf,3
2023,徐汇区,上海市长桥中学,041328,复旦大学附属中学徐汇分校,042036,区属,721,800,0.901250,否,,398,118,135,126,【徐汇】【2023】名额到校最低分数线.pdf,3
2023,徐汇区,上海市长桥中学,041328,上海市位育中学,042035,区属,723,800,0.903750,否,,397,130,130,132,【徐汇】【2023】名额到校最低分数线.pdf,3
2023,徐汇区,上海市长桥中学,041328,上海市南洋模范中学,042008,区属,743,800,0.928750,否,,405,127,133,140,【徐汇】【2023】名额到校最低分数线.pdf,3
2023,徐汇区,上海市长桥中学,041328,上海市第二中学,042001,区属,720.5,800,0.900625,否,,398.5,129,130,124,【徐汇】【2023】名额到校最低分数线.pdf,3
2023,徐汇区,上海市徐汇区教育学院附属实验中学,041327,上海交通大学附属中学,102056,委属,742,800,0.927500,否,,405,132,128,140,【徐汇】【2023】名额到校最低分数线.pdf,3
2023,徐汇区,徐汇南校,044110,上海市位育中学,042035,区属,728.5,800,0.910625,否,,398.5,130,129,133,【徐汇】【2023】名额到校最低分数线.pdf,4
2023,徐汇区,徐汇南校,044110,上海市上海中学,042032,委属,740.5,800,0.925625,否,,409.5,129,134,135,【徐汇】【2023】名额到校最低分数线.pdf,4
2023,徐汇区,徐汇南校,044110,上海市南洋模范中学,042008,区属,730,800,0.912500,否,,402,134,124,134,【徐汇】【2023】名额到校最低分数线.pdf,4
2023,徐汇区,徐汇南校,044110,上海市第二中学,042001,区属,718,800,0.897500,否,,393,120,129,130,【徐汇】【2023】名额到校最低分数线.pdf,4
2023,徐汇区,上海市徐汇中学,044109,上海交通大学附属中学,102056,委属,757,800,0.946250,否,,420,138,135,139,【徐汇】【2023】名额到校最低分数线.pdf,4
2023,徐汇区,上海市徐汇中学,044109,上海市南洋中学,043015,区属,712.5,800,0.890625,否,,389.5,121,129,130,【徐汇】【2023】名额到校最低分数线.pdf,4
2023,徐汇区,上海市徐汇中学,044109,复旦大学附属中学徐汇分校,042036,区属,740.5,800,0.925625,否,,398.5,135,119,138,【徐汇】【2023】名额到校最低分数线.pdf,4
2023,徐汇区,上海市徐汇中学,044109,上海市位育中学,042035,区属,727.5,800,0.909375,否,,400.5,131,132,131,【徐汇】【2023】名额到校最低分数线.pdf,4
2023,徐汇区,上海市徐汇中学,044109,上海市上海中学,042032,委属,700.5,800,0.875625,否,,381.5,123,128,126,【徐汇】【2023】名额到校最低分数线.pdf,4
2023,徐汇区,上海市徐汇中学,044109,上海市南洋模范中学,042008,区属,739.5,800,0.924375,否,,402.5,135,130,140,【徐汇】【2023】名额到校最低分数线.pdf,4
2023,徐汇区,上海市徐汇中学,044109,上海市第二中学,042001,区属,721.5,800,0.901875,否,,389.5,121,128,135,【徐汇】【2023】名额到校最低分数线.pdf,4
2023,徐汇区,上海市第五十四中学,044107,上海市南洋中学,043015,区属,715.5,800,0.894375,否,,383.5,134,121,138,【徐汇】【2023】名额到校最低分数线.pdf,4
2023,徐汇区,上海市第五十四中学,044107,复旦大学附属中学徐汇分校,042036,区属,722,800,0.902500,否,,399,131,132,129,【徐汇】【2023】名额到校最低分数线.pdf,4
2023,徐汇区,上海市第五十四中学,044107,上海市位育中学,042035,区属,725,800,0.906250,否,,403,133,131,130,【徐汇】【2023】名额到校最低分数线.pdf,4
2023,徐汇区,上海市第五十四中学,044107,上海市上海中学,042032,委属,755.5,800,0.944375,否,,424.5,148,131,134,【徐汇】【2023】名额到校最低分数线.pdf,4
2023,徐汇区,上海市第五十四中学,044107,上海市南洋模范中学,042008,区属,733,800,0.916250,否,,395,135,124,139,【徐汇】【2023】名额到校最低分数线.pdf,4
2023,徐汇区,上海市第五十四中学,044107,上海市第二中学,042001,区属,725,800,0.906250,否,,398,129,126,132,【徐汇】【2023】名额到校最低分数线.pdf,4
2023,徐汇区,上海市中国中学,044103,上海市南洋中学,043015,区属,718,800,0.897500,否,,390,123,128,135,【徐汇】【2023】名额到校最低分数线.pdf,4
2023,徐汇区,上海市中国中学,044103,复旦大学附属中学徐汇分校,042036,区属,746,800,0.932500,否,,414,137,134,134,【徐汇】【2023】名额到校最低分数线.pdf,4
2023,徐汇区,上海市中国中学,044103,上海市位育中学,042035,区属,734,800,0.917500,否,,407,130,129,133,【徐汇】【2023】名额到校最低分数线.pdf,4
2023,徐汇区,上海市中国中学,044103,上海市上海中学,042032,委属,759.5,800,0.949375,否,,416.5,136,131,145,【徐汇】【2023】名额到校最低分数线.pdf,4
2023,徐汇区,上海市中国中学,044103,上海市南洋模范中学,042008,区属,735,800,0.918750,否,,409,134,133,135,【徐汇】【2023】名额到校最低分数线.pdf,4
2023,徐汇区,上海市中国中学,044103,上海市第二中学,042001,区属,722,800,0.902500,否,,400,126,136,127,【徐汇】【2023】名额到校最低分数线.pdf,4
2023,徐汇区,上海市康健外国语实验中学,041347,华东师范大学第二附属中学,152003,委属,750.5,800,0.938125,否,,417.5,139,134,140,【徐汇】【2023】名额到校最低分数线.pdf,4
2023,徐汇区,上海市康健外国语实验中学,041347,上海市南洋中学,043015,区属,718,800,0.897500,否,,398,130,131,127,【徐汇】【2023】名额到校最低分数线.pdf,4
2023,徐汇区,上海市康健外国语实验中学,041347,复旦大学附属中学徐汇分校,042036,区属,758.5,800,0.948125,否,,424.5,135,142,137,【徐汇】【2023】名额到校最低分数线.pdf,4
2023,徐汇区,上海市康健外国语实验中学,041347,上海市位育中学,042035,区属,728.5,800,0.910625,否,,393.5,131,126,139,【徐汇】【2023】名额到校最低分数线.pdf,4
2023,徐汇区,上海市康健外国语实验中学,041347,上海市南洋模范中学,042008,区属,734,800,0.917500,否,,404,129,131,136,【徐汇】【2023】名额到校最低分数线.pdf,4
2023,徐汇区,上海市康健外国语实验中学,041347,上海市第二中学,042001,区属,723.5,800,0.904375,否,,395.5,132,132,137,【徐汇】【2023】名额到校最低分数线.pdf,4
2023,徐汇区,上海市位育实验学校,045304,上海市位育中学,042035,区属,723,800,0.903750,否,,405,129,130,127,【徐汇】【2023】名额到校最低分数线.pdf,5
2023,徐汇区,上海市位育实验学校,045304,上海市南洋模范中学,042008,区属,736,800,0.920000,否,,406,129,131,135,【徐汇】【2023】名额到校最低分数线.pdf,5
2023,徐汇区,上海市位育实验学校,045304,上海市第二中学,042001,区属,719,800,0.898750,否,,389,133,126,132,【徐汇】【2023】名额到校最低分数线.pdf,5
2023,徐汇区,华东理工大学附属中学,044133,上海师范大学附属中学,152006,委属,718.5,800,0.898125,否,,390.5,126,124,133,【徐汇】【2023】名额到校最低分数线.pdf,5
2023,徐汇区,华东理工大学附属中学,044133,上海市南洋中学,043015,区属,719.5,800,0.899375,否,,396.5,132,126,134,【徐汇】【2023】名额到校最低分数线.pdf,5
2023,徐汇区,华东理工大学附属中学,044133,复旦大学附属中学徐汇分校,042036,区属,706.5,800,0.883125,否,,395.5,124,129,117,【徐汇】【2023】名额到校最低分数线.pdf,5
2023,徐汇区,华东理工大学附属中学,044133,上海市位育中学,042035,区属,730,800,0.912500,否,,401,131,127,137,【徐汇】【2023】名额到校最低分数线.pdf,5
2023,徐汇区,华东理工大学附属中学,044133,上海市南洋模范中学,042008,区属,721,800,0.901250,否,,392,129,126,136,【徐汇】【2023】名额到校最低分数线.pdf,5
2023,徐汇区,华东理工大学附属中学,044133,上海市第二中学,042001,区属,722,800,0.902500,否,,402,129,134,124,【徐汇】【2023】名额到校最低分数线.pdf,5
2023,徐汇区,上海师大附中附属龙华中学,044125,上海市南洋中学,043015,区属,705.5,800,0.881875,否,,387.5,132,120,125,【徐汇】【2023】名额到校最低分数线.pdf,5
2023,徐汇区,上海师大附中附属龙华中学,044125,复旦大学附属中学徐汇分校,042036,区属,711.5,800,0.889375,否,,399.5,128,131,115,【徐汇】【2023】名额到校最低分数线.pdf,5
2023,徐汇区,上海师大附中附属龙华中学,044125,上海市位育中学,042035,区属,712,800,0.890000,否,,393,139,121,129,【徐汇】【2023】名额到校最低分数线.pdf,5
2023,徐汇区,上海师大附中附属龙华中学,044125,上海市南洋模范中学,042008,区属,723,800,0.903750,否,,392,125,127,134,【徐汇】【2023】名额到校最低分数线.pdf,5
2023,徐汇区,上海师大附中附属龙华中学,044125,上海市第二中学,042001,区属,694,800,0.867500,否,,375,122,117,125,【徐汇】【2023】名额到校最低分数线.pdf,5
2023,徐汇区,上海市零陵中学,044114,上海市南洋中学,043015,区属,712.5,800,0.890625,否,,388.5,120,128,126,【徐汇】【2023】名额到校最低分数线.pdf,5
2023,徐汇区,上海市零陵中学,044114,复旦大学附属中学徐汇分校,042036,区属,742.5,800,0.928125,否,,412.5,126,143,135,【徐汇】【2023】名额到校最低分数线.pdf,5
2023,徐汇区,上海市零陵中学,044114,上海市位育中学,042035,区属,721,800,0.901250,否,,400,124,130,126,【徐汇】【2023】名额到校最低分数线.pdf,5
2023,徐汇区,上海市零陵中学,044114,上海市上海中学,042032,委属,748.5,800,0.935625,否,,413.5,139,135,138,【徐汇】【2023】名额到校最低分数线.pdf,5
2023,徐汇区,上海市零陵中学,044114,上海市南洋模范中学,042008,区属,722.5,800,0.903125,否,,401.5,132,122,124,【徐汇】【2023】名额到校最低分数线.pdf,5
2023,徐汇区,上海市零陵中学,044114,上海市第二中学,042001,区属,721,800,0.901250,否,,389,131,121,138,【徐汇】【2023】名额到校最低分数线.pdf,5
2023,徐汇区,上海市第四中学,044111,上海师范大学附属中学,152006,委属,721.5,800,0.901875,否,,386,129,119,142,【徐汇】【2023】名额到校最低分数线.pdf,5
2023,徐汇区,上海市第四中学,044111,上海市南洋中学,043015,区属,713,800,0.891250,否,,382,116,128,136,【徐汇】【2023】名额到校最低分数线.pdf,5
2023,徐汇区,上海市第四中学,044111,复旦大学附属中学徐汇分校,042036,区属,739,800,0.923750,否,,411,132,134,134,【徐汇】【2023】名额到校最低分数线.pdf,5
2023,徐汇区,上海市第四中学,044111,上海市位育中学,042035,区属,720.5,800,0.900625,否,,396.5,129,126,131,【徐汇】【2023】名额到校最低分数线.pdf,5
2023,徐汇区,上海市第四中学,044111,上海市上海中学,042032,委属,736.5,800,0.920625,否,,407.5,142,126,134,【徐汇】【2023】名额到校最低分数线.pdf,5
2023,徐汇区,上海市第四中学,044111,上海市南洋模范中学,042008,区属,726,800,0.907500,否,,398,134,123,133,【徐汇】【2023】名额到校最低分数线.pdf,5
2023,徐汇区,上海市第四中学,044111,上海市第二中学,042001,区属,721.5,800,0.901875,否,,394.5,128,132,133,【徐汇】【2023】名额到校最低分数线.pdf,5
2023,徐汇区,徐汇南校,044110,上海市南洋中学,043015,区属,713.5,800,0.891875,否,,388.5,124,124,132,【徐汇】【2023】名额到校最低分数线.pdf,5
2023,徐汇区,徐汇南校,044110,复旦大学附属中学徐汇分校,042036,区属,728,800,0.910000,否,,398,122,133,134,【徐汇】【2023】名额到校最低分数线.pdf,5
2023,徐汇区,上海师范大学第三附属实验学校,045444,上海师范大学附属中学,152006,委属,730,800,0.912500,否,,405,133,133,127,【徐汇】【2023】名额到校最低分数线.pdf,6
2023,徐汇区,上海师范大学第三附属实验学校,045444,上海交通大学附属中学,102056,委属,753.5,800,0.941875,否,,419.5,138,136,137,【徐汇】【2023】名额到校最低分数线.pdf,6
2023,徐汇区,上海师范大学第三附属实验学校,045444,上海市南洋中学,043015,区属,723,800,0.903750,否,,392,122,127,135,【徐汇】【2023】名额到校最低分数线.pdf,6
2023,徐汇区,上海师范大学第三附属实验学校,045444,复旦大学附属中学徐汇分校,042036,区属,751,800,0.938750,否,,418,144,132,137,【徐汇】【2023】名额到校最低分数线.pdf,6
2023,徐汇区,上海师范大学第三附属实验学校,045444,上海市位育中学,042035,区属,741,800,0.926250,否,,412,137,132,134,【徐汇】【2023】名额到校最低分数线.pdf,6
2023,徐汇区,上海师范大学第三附属实验学校,045444,上海市南洋模范中学,042008,区属,744,800,0.930000,否,,411,135,130,136,【徐汇】【2023】名额到校最低分数线.pdf,6
2023,徐汇区,上海师范大学第三附属实验学校,045444,上海市第二中学,042001,区属,725,800,0.906250,否,,384,128,125,143,【徐汇】【2023】名额到校最低分数线.pdf,6
2023,徐汇区,上海市位育实验学校,045304,复旦大学附属中学,102057,委属,679,800,0.848750,否,,365,117,105,120,【徐汇】【2023】名额到校最低分数线.pdf,6
2023,徐汇区,上海市位育实验学校,045304,上海市南洋中学,043015,区属,713,800,0.891250,否,,381,123,123,137,【徐汇】【2023】名额到校最低分数线.pdf,6
2023,徐汇区,上海市位育实验学校,045304,复旦大学附属中学徐汇分校,042036,区属,727.5,800,0.909375,否,,401.5,138,128,131,【徐汇】【2023】名额到校最低分数线.pdf,6
2024,徐汇区,上海市田林中学,041318,上海市位育中学,042035,区属,720,800,0.900000,否,,396.5,136,127,138,【徐汇】【2024】名额到校最低分数线.pdf,1
2024,徐汇区,上海市田林中学,041318,上海市上海中学,042032,委属,761.5,800,0.951875,否,,417.5,139,131,147,【徐汇】【2024】名额到校最低分数线.pdf,1
2024,徐汇区,上海市田林中学,041318,上海市南洋模范中学,042008,区属,740.5,800,0.925625,否,,405,142,131,139,【徐汇】【2024】名额到校最低分数线.pdf,1
2024,徐汇区,上海市田林中学,041318,上海市第二中学,042001,区属,724,800,0.905000,否,,392.5,130,129,138,【徐汇】【2024】名额到校最低分数线.pdf,1
2024,徐汇区,上海市南洋初级中学,041316,上海师范大学附属中学,152006,委属,723.5,800,0.904375,否,,399.5,128,128,128,【徐汇】【2024】名额到校最低分数线.pdf,1
2024,徐汇区,上海市南洋初级中学,041316,上海市南洋中学,043015,区属,719,800,0.898750,否,,387.5,109,134,135,【徐汇】【2024】名额到校最低分数线.pdf,1
2024,徐汇区,上海市南洋初级中学,041316,复旦大学附属中学徐汇分校,042036,区属,732,800,0.915000,否,,403,139,120,132,【徐汇】【2024】名额到校最低分数线.pdf,1
2024,徐汇区,上海市南洋初级中学,041316,上海市位育中学,042035,区属,728.5,800,0.910625,否,,400,136,123,139,【徐汇】【2024】名额到校最低分数线.pdf,1
2024,徐汇区,上海市南洋初级中学,041316,上海市南洋模范中学,042008,区属,741.5,800,0.926875,否,,407.5,131,130,140,【徐汇】【2024】名额到校最低分数线.pdf,1
2024,徐汇区,上海市南洋初级中学,041316,上海市第二中学,042001,区属,727.5,800,0.909375,否,,399.5,126,135,134,【徐汇】【2024】名额到校最低分数线.pdf,1
2024,徐汇区,上海市南洋模范初级中学,041306,上海交通大学附属中学,102056,委属,759.5,800,0.949375,否,,412.5,137,133,146,【徐汇】【2024】名额到校最低分数线.pdf,1
2024,徐汇区,上海市南洋模范初级中学,041306,上海市南洋中学,043015,区属,719.5,800,0.899375,否,,385.5,118,128,140,【徐汇】【2024】名额到校最低分数线.pdf,1
2024,徐汇区,上海市南洋模范初级中学,041306,复旦大学附属中学徐汇分校,042036,区属,753.5,800,0.941875,否,,413.5,144,129,142,【徐汇】【2024】名额到校最低分数线.pdf,1
2024,徐汇区,上海市南洋模范初级中学,041306,上海市位育中学,042035,区属,733.5,800,0.916875,否,,405,136,126,134,【徐汇】【2024】名额到校最低分数线.pdf,1
2024,徐汇区,上海市南洋模范初级中学,041306,上海市南洋模范中学,042008,区属,743,800,0.928750,否,,405.5,132,129,141,【徐汇】【2024】名额到校最低分数线.pdf,1
2024,徐汇区,上海市南洋模范初级中学,041306,上海市第二中学,042001,区属,726,800,0.907500,否,,388,126,123,135,【徐汇】【2024】名额到校最低分数线.pdf,1
2024,徐汇区,上海市第二初级中学,041305,复旦大学附属中学,102057,委属,717.5,800,0.896875,否,,384.5,119,134,139,【徐汇】【2024】名额到校最低分数线.pdf,1
2024,徐汇区,上海市第二初级中学,041305,上海市南洋中学,043015,区属,714.5,800,0.893125,否,,393.5,130,129,132,【徐汇】【2024】名额到校最低分数线.pdf,1
2024,徐汇区,上海市第二初级中学,041305,复旦大学附属中学徐汇分校,042036,区属,745.5,800,0.931875,否,,413,135,132,133,【徐汇】【2024】名额到校最低分数线.pdf,1
2024,徐汇区,上海市第二初级中学,041305,上海市位育中学,042035,区属,722.5,800,0.903125,否,,395.5,111,139,137,【徐汇】【2024】名额到校最低分数线.pdf,1
2024,徐汇区,上海市第二初级中学,041305,上海市南洋模范中学,042008,区属,741.5,800,0.926875,否,,407.5,128,132,138,【徐汇】【2024】名额到校最低分数线.pdf,1
2024,徐汇区,上海市第二初级中学,041305,上海市第二中学,042001,区属,723,800,0.903750,否,,394,133,124,139,【徐汇】【2024】名额到校最低分数线.pdf,1
2024,徐汇区,上海市位育初级中学,041302,上海师范大学附属中学,152006,委属,734,800,0.917500,否,,408,131,136,130,【徐汇】【2024】名额到校最低分数线.pdf,1
2024,徐汇区,上海市位育初级中学,041302,上海市南洋中学,043015,区属,721.5,800,0.901875,否,,395.5,133,125,136,【徐汇】【2024】名额到校最低分数线.pdf,1
2024,徐汇区,上海市位育初级中学,041302,复旦大学附属中学徐汇分校,042036,区属,759,800,0.948750,否,,418,149,126,143,【徐汇】【2024】名额到校最低分数线.pdf,1
2024,徐汇区,上海市位育初级中学,041302,上海市位育中学,042035,区属,742,800,0.927500,否,,408,136,134,139,【徐汇】【2024】名额到校最低分数线.pdf,1
2024,徐汇区,上海市位育初级中学,041302,上海市南洋模范中学,042008,区属,748,800,0.935000,否,,411,129,136,142,【徐汇】【2024】名额到校最低分数线.pdf,1
2024,徐汇区,上海市位育初级中学,041302,上海市第二中学,042001,区属,727,800,0.908750,否,,393,132,121,142,【徐汇】【2024】名额到校最低分数线.pdf,1
2024,徐汇区,上海市长桥中学,041328,上海市上海中学,042032,委属,760.5,800,0.950625,否,,421.5,141,132,141,【徐汇】【2024】名额到校最低分数线.pdf,2
2024,徐汇区,上海市长桥中学,041328,上海市南洋模范中学,042008,区属,730.5,800,0.913125,否,,406.5,125,138,131,【徐汇】【2024】名额到校最低分数线.pdf,2
2024,徐汇区,上海市长桥中学,041328,上海市第二中学,042001,区属,723.5,800,0.904375,否,,400.5,132,129,126,【徐汇】【2024】名额到校最低分数线.pdf,2
2024,徐汇区,上海市徐汇区教育学院附属实验中学,041327,上海交通大学附属中学,102056,委属,756,800,0.945000,否,,416.5,137,135,144,【徐汇】【2024】名额到校最低分数线.pdf,2
2024,徐汇区,上海市徐汇区教育学院附属实验中学,041327,上海市南洋中学,043015,区属,724.5,800,0.905625,否,,395.5,123,130,138,【徐汇】【2024】名额到校最低分数线.pdf,2
2024,徐汇区,上海市徐汇区教育学院附属实验中学,041327,复旦大学附属中学徐汇分校,042036,区属,758,800,0.947500,否,,420,133,138,143,【徐汇】【2024】名额到校最低分数线.pdf,2
2024,徐汇区,上海市徐汇区教育学院附属实验中学,041327,上海市位育中学,042035,区属,742,800,0.927500,否,,411,132,139,142,【徐汇】【2024】名额到校最低分数线.pdf,2
2024,徐汇区,上海市徐汇区教育学院附属实验中学,041327,上海市上海中学,042032,委属,759,800,0.948750,否,,418,131,140,145,【徐汇】【2024】名额到校最低分数线.pdf,2
2024,徐汇区,上海市徐汇区教育学院附属实验中学,041327,上海市南洋模范中学,042008,区属,751,800,0.938750,否,,417,139,130,138,【徐汇】【2024】名额到校最低分数线.pdf,2
2024,徐汇区,上海市徐汇区教育学院附属实验中学,041327,上海市第二中学,042001,区属,723,800,0.903750,否,,398,118,136,131,【徐汇】【2024】名额到校最低分数线.pdf,2
2024,徐汇区,上海市龙苑中学,041326,上海市南洋中学,043015,区属,658,800,0.822500,否,,342.5,114,118,120,【徐汇】【2024】名额到校最低分数线.pdf,2
2024,徐汇区,上海市龙苑中学,041326,复旦大学附属中学徐汇分校,042036,区属,716,800,0.895000,否,,392,120,130,132,【徐汇】【2024】名额到校最低分数线.pdf,2
2024,徐汇区,上海市龙苑中学,041326,上海市位育中学,042035,区属,669.5,800,0.836875,否,,368.5,122,130,112,【徐汇】【2024】名额到校最低分数线.pdf,2
2024,徐汇区,上海市龙苑中学,041326,上海市南洋模范中学,042008,区属,722.5,800,0.903125,否,,389.5,129,127,138,【徐汇】【2024】名额到校最低分数线.pdf,2
2024,徐汇区,上海市龙苑中学,041326,上海市第二中学,042001,区属,666.5,800,0.833125,否,,372.5,109,131,106,【徐汇】【2024】名额到校最低分数线.pdf,2
2024,徐汇区,上海市田林第三中学,041320,华东师范大学第二附属中学,152003,委属,759,800,0.948750,否,,419,140,131,143,【徐汇】【2024】名额到校最低分数线.pdf,2
2024,徐汇区,上海市田林第三中学,041320,上海交通大学附属中学,102056,委属,761,800,0.951250,否,,418.5,139,134,145,【徐汇】【2024】名额到校最低分数线.pdf,2
2024,徐汇区,上海市田林第三中学,041320,上海市南洋中学,043015,区属,718,800,0.897500,否,,394,123,131,130,【徐汇】【2024】名额到校最低分数线.pdf,2
2024,徐汇区,上海市田林第三中学,041320,复旦大学附属中学徐汇分校,042036,区属,751.5,800,0.939375,否,,412.5,134,136,143,【徐汇】【2024】名额到校最低分数线.pdf,2
2024,徐汇区,上海市田林第三中学,041320,上海市位育中学,042035,区属,737,800,0.921250,否,,397,130,125,142,【徐汇】【2024】名额到校最低分数线.pdf,2
2024,徐汇区,上海市田林第三中学,041320,上海市南洋模范中学,042008,区属,745,800,0.931250,否,,415,139,134,138,【徐汇】【2024】名额到校最低分数线.pdf,2
2024,徐汇区,上海市田林第三中学,041320,上海市第二中学,042001,区属,725.5,800,0.906875,否,,406.5,129,133,126,【徐汇】【2024】名额到校最低分数线.pdf,2
2024,徐汇区,上海市田林第二中学,041319,上海市南洋中学,043015,区属,708,800,0.885000,否,,384,125,130,132,【徐汇】【2024】名额到校最低分数线.pdf,2
2024,徐汇区,上海市田林第二中学,041319,复旦大学附属中学徐汇分校,042036,区属,756,800,0.945000,否,,412,132,136,140,【徐汇】【2024】名额到校最低分数线.pdf,2
2024,徐汇区,上海市田林第二中学,041319,上海市位育中学,042035,区属,709.5,800,0.886875,否,,382.5,121,127,131,【徐汇】【2024】名额到校最低分数线.pdf,2
2024,徐汇区,上海市田林第二中学,041319,上海市上海中学,042032,委属,745,800,0.931250,否,,404,131,132,142,【徐汇】【2024】名额到校最低分数线.pdf,2
2024,徐汇区,上海市田林第二中学,041319,上海市南洋模范中学,042008,区属,742,800,0.927500,否,,407,140,127,140,【徐汇】【2024】名额到校最低分数线.pdf,2
2024,徐汇区,上海市田林第二中学,041319,上海市第二中学,042001,区属,711.5,800,0.889375,否,,390.5,125,129,123,【徐汇】【2024】名额到校最低分数线.pdf,2
2024,徐汇区,上海市田林中学,041318,上海市南洋中学,043015,区属,715,800,0.893750,否,,393.5,131,130,129,【徐汇】【2024】名额到校最低分数线.pdf,2
2024,徐汇区,上海市田林中学,041318,复旦大学附属中学徐汇分校,042036,区属,735,800,0.918750,否,,406,141,124,135,【徐汇】【2024】名额到校最低分数线.pdf,2
2024,徐汇区,上海市康健外国语实验中学,041347,上海市上海中学,042032,委属,743.5,800,0.929375,否,,403.5,127,133,143,【徐汇】【2024】名额到校最低分数线.pdf,3
2024,徐汇区,上海市康健外国语实验中学,041347,上海市南洋模范中学,042008,区属,737,800,0.921250,否,,403,134,124,139,【徐汇】【2024】名额到校最低分数线.pdf,3
2024,徐汇区,上海市康健外国语实验中学,041347,上海市第二中学,042001,区属,718.5,800,0.898125,否,,395,118,132,129,【徐汇】【2024】名额到校最低分数线.pdf,3
2024,徐汇区,上海市紫阳中学,041336,上海交通大学附属中学,102056,委属,748.5,800,0.935625,否,,413,140,132,139,【徐汇】【2024】名额到校最低分数线.pdf,3
2024,徐汇区,上海市紫阳中学,041336,上海市南洋中学,043015,区属,723.5,800,0.904375,否,,394,113,135,135,【徐汇】【2024】名额到校最低分数线.pdf,3
2024,徐汇区,上海市紫阳中学,041336,复旦大学附属中学徐汇分校,042036,区属,758,800,0.947500,否,,420,139,134,139,【徐汇】【2024】名额到校最低分数线.pdf,3
2024,徐汇区,上海市紫阳中学,041336,上海市位育中学,042035,区属,737,800,0.921250,否,,402,133,122,142,【徐汇】【2024】名额到校最低分数线.pdf,3
2024,徐汇区,上海市紫阳中学,041336,上海市南洋模范中学,042008,区属,740.5,800,0.925625,否,,410.5,130,137,136,【徐汇】【2024】名额到校最低分数线.pdf,3
2024,徐汇区,上海市紫阳中学,041336,上海市第二中学,042001,区属,726.5,800,0.908125,否,,409.5,137,135,126,【徐汇】【2024】名额到校最低分数线.pdf,3
2024,徐汇区,上海市梅园中学,041334,华东师范大学第二附属中学,152003,委属,761,800,0.951250,否,,415,141,128,147,【徐汇】【2024】名额到校最低分数线.pdf,3
2024,徐汇区,上海市梅园中学,041334,上海市南洋中学,043015,区属,730,800,0.912500,否,,398,126,131,139,【徐汇】【2024】名额到校最低分数线.pdf,3
2024,徐汇区,上海市梅园中学,041334,复旦大学附属中学徐汇分校,042036,区属,753.5,800,0.941875,否,,413.5,133,135,143,【徐汇】【2024】名额到校最低分数线.pdf,3
2024,徐汇区,上海市梅园中学,041334,上海市位育中学,042035,区属,732,800,0.915000,否,,402.5,124,131,132,【徐汇】【2024】名额到校最低分数线.pdf,3
2024,徐汇区,上海市梅园中学,041334,上海市南洋模范中学,042008,区属,739,800,0.923750,否,,403,126,131,140,【徐汇】【2024】名额到校最低分数线.pdf,3
2024,徐汇区,上海市梅园中学,041334,上海市第二中学,042001,区属,726.5,800,0.908125,否,,396.5,129,131,136,【徐汇】【2024】名额到校最低分数线.pdf,3
2024,徐汇区,上海市汾阳中学,041331,上海市南洋中学,043015,区属,720.5,800,0.900625,否,,393.5,138,119,132,【徐汇】【2024】名额到校最低分数线.pdf,3
2024,徐汇区,上海市汾阳中学,041331,复旦大学附属中学徐汇分校,042036,区属,746.5,800,0.933125,否,,406.5,135,130,141,【徐汇】【2024】名额到校最低分数线.pdf,3
2024,徐汇区,上海市汾阳中学,041331,上海市位育中学,042035,区属,724,800,0.905000,否,,390,128,126,143,【徐汇】【2024】名额到校最低分数线.pdf,3
2024,徐汇区,上海市汾阳中学,041331,上海市上海中学,042032,委属,751.5,800,0.939375,否,,413.5,141,128,144,【徐汇】【2024】名额到校最低分数线.pdf,3
2024,徐汇区,上海市汾阳中学,041331,上海市南洋模范中学,042008,区属,736.5,800,0.920625,否,,398,127,130,142,【徐汇】【2024】名额到校最低分数线.pdf,3
2024,徐汇区,上海市汾阳中学,041331,上海市第二中学,042001,区属,722,800,0.902500,否,,387,120,132,138,【徐汇】【2024】名额到校最低分数线.pdf,3
2024,徐汇区,上海市园南中学,041329,上海市南洋中学,043015,区属,707.5,800,0.884375,否,,392.5,118,131,125,【徐汇】【2024】名额到校最低分数线.pdf,3
2024,徐汇区,上海市园南中学,041329,复旦大学附属中学徐汇分校,042036,区属,745,800,0.931250,否,,410,130,131,137,【徐汇】【2024】名额到校最低分数线.pdf,3
2024,徐汇区,上海市园南中学,041329,上海市位育中学,042035,区属,738,800,0.922500,否,,405,132,128,141,【徐汇】【2024】名额到校最低分数线.pdf,3
2024,徐汇区,上海市园南中学,041329,上海市上海中学,042032,委属,756,800,0.945000,否,,415,146,125,146,【徐汇】【2024】名额到校最低分数线.pdf,3
2024,徐汇区,上海市园南中学,041329,上海市南洋模范中学,042008,区属,745,800,0.931250,否,,408,132,130,141,【徐汇】【2024】名额到校最低分数线.pdf,3
2024,徐汇区,上海市园南中学,041329,上海市第二中学,042001,区属,731.5,800,0.914375,否,,402.5,130,129,136,【徐汇】【2024】名额到校最低分数线.pdf,3
2024,徐汇区,上海市长桥中学,041328,上海市南洋中学,043015,区属,722.5,800,0.903125,否,,397.5,124,130,129,【徐汇】【2024】名额到校最低分数线.pdf,3
2024,徐汇区,上海市长桥中学,041328,复旦大学附属中学徐汇分校,042036,区属,751,800,0.938750,否,,411,137,134,144,【徐汇】【2024】名额到校最低分数线.pdf,3
2024,徐汇区,上海市长桥中学,041328,上海市位育中学,042035,区属,729.5,800,0.911875,否,,398.5,123,138,136,【徐汇】【2024】名额到校最低分数线.pdf,3
2024,徐汇区,上海市徐汇中学,044109,上海市南洋模范中学,042008,区属,743.5,800,0.929375,否,,416.5,134,138,131,【徐汇】【2024】名额到校最低分数线.pdf,4
2024,徐汇区,上海市徐汇中学,044109,上海市第二中学,042001,区属,720,800,0.900000,否,,391,124,126,132,【徐汇】【2024】名额到校最低分数线.pdf,4
2024,徐汇区,上海市第五十四中学,044107,上海市南洋中学,043015,区属,718,800,0.897500,否,,397.5,125,131,134,【徐汇】【2024】名额到校最低分数线.pdf,4
2024,徐汇区,上海市第五十四中学,044107,复旦大学附属中学徐汇分校,042036,区属,753,800,0.941250,否,,413,140,133,145,【徐汇】【2024】名额到校最低分数线.pdf,4
2024,徐汇区,上海市第五十四中学,044107,上海市位育中学,042035,区属,726,800,0.907500,否,,397.5,127,130,138,【徐汇】【2024】名额到校最低分数线.pdf,4
2024,徐汇区,上海市第五十四中学,044107,上海市南洋模范中学,042008,区属,735.5,800,0.919375,否,,404.5,135,130,143,【徐汇】【2024】名额到校最低分数线.pdf,4
2024,徐汇区,上海市第五十四中学,044107,上海市第二中学,042001,区属,726,800,0.907500,否,,391,117,132,136,【徐汇】【2024】名额到校最低分数线.pdf,4
2024,徐汇区,上海市中国中学,044103,上海师范大学附属中学,152006,委属,724,800,0.905000,否,,405,128,137,124,【徐汇】【2024】名额到校最低分数线.pdf,4
2024,徐汇区,上海市中国中学,044103,复旦大学附属中学,102057,委属,760.5,800,0.950625,否,,422.5,143,132,141,【徐汇】【2024】名额到校最低分数线.pdf,4
2024,徐汇区,上海市中国中学,044103,上海市南洋中学,043015,区属,719.5,800,0.899375,否,,395.5,121,133,133,【徐汇】【2024】名额到校最低分数线.pdf,4
2024,徐汇区,上海市中国中学,044103,复旦大学附属中学徐汇分校,042036,区属,751.5,800,0.939375,否,,416.5,142,128,140,【徐汇】【2024】名额到校最低分数线.pdf,4
2024,徐汇区,上海市中国中学,044103,上海市位育中学,042035,区属,735,800,0.918750,否,,409,137,128,135,【徐汇】【2024】名额到校最低分数线.pdf,4
2024,徐汇区,上海市中国中学,044103,上海市南洋模范中学,042008,区属,743.5,800,0.929375,否,,410,130,134,140,【徐汇】【2024】名额到校最低分数线.pdf,4
2024,徐汇区,上海市中国中学,044103,上海市第二中学,042001,区属,723,800,0.903750,否,,395,124,133,135,【徐汇】【2024】名额到校最低分数线.pdf,4
2024,徐汇区,上海市民办华育中学,041385,复旦大学附属中学,102057,委属,761,800,0.951250,否,,423,140,139,141,【徐汇】【2024】名额到校最低分数线.pdf,4
2024,徐汇区,上海市民办华育中学,041385,上海市南洋中学,043015,区属,706.5,800,0.883125,否,,385,120,131,126,【徐汇】【2024】名额到校最低分数线.pdf,4
2024,徐汇区,上海市民办华育中学,041385,复旦大学附属中学徐汇分校,042036,区属,759.5,800,0.949375,否,,416.5,133,136,146,【徐汇】【2024】名额到校最低分数线.pdf,4
2024,徐汇区,上海市民办华育中学,041385,上海市位育中学,042035,区属,733,800,0.916250,否,,403,126,130,136,【徐汇】【2024】名额到校最低分数线.pdf,4
2024,徐汇区,上海市民办华育中学,041385,上海市上海中学,042032,委属,761.5,800,0.951875,否,,418.5,141,133,146,【徐汇】【2024】名额到校最低分数线.pdf,4
2024,徐汇区,上海市民办华育中学,041385,上海市南洋模范中学,042008,区属,746.5,800,0.933125,否,,408.5,131,135,142,【徐汇】【2024】名额到校最低分数线.pdf,4
2024,徐汇区,上海市民办华育中学,041385,上海市第二中学,042001,区属,708,800,0.885000,否,,388,111,132,124,【徐汇】【2024】名额到校最低分数线.pdf,4
2024,徐汇区,上海市世外中学,041363,复旦大学附属中学,102057,委属,761,800,0.951250,否,,425,139,138,138,【徐汇】【2024】名额到校最低分数线.pdf,4
2024,徐汇区,上海市世外中学,041363,上海市南洋中学,043015,区属,689,800,0.861250,否,,378.5,129,118,122,【徐汇】【2024】名额到校最低分数线.pdf,4
2024,徐汇区,上海市世外中学,041363,复旦大学附属中学徐汇分校,042036,区属,757,800,0.946250,否,,420,138,141,141,【徐汇】【2024】名额到校最低分数线.pdf,4
2024,徐汇区,上海市世外中学,041363,上海市位育中学,042035,区属,725,800,0.906250,否,,390.5,121,130,139,【徐汇】【2024】名额到校最低分数线.pdf,4
2024,徐汇区,上海市世外中学,041363,上海市南洋模范中学,042008,区属,744,800,0.930000,否,,416,140,133,133,【徐汇】【2024】名额到校最低分数线.pdf,4
2024,徐汇区,上海市世外中学,041363,上海市第二中学,042001,区属,713,800,0.891250,否,,393.5,119,133,126,【徐汇】【2024】名额到校最低分数线.pdf,4
2024,徐汇区,上海市康健外国语实验中学,041347,上海市南洋中学,043015,区属,715.5,800,0.894375,否,,403,128,131,128,【徐汇】【2024】名额到校最低分数线.pdf,4
2024,徐汇区,上海市康健外国语实验中学,041347,复旦大学附属中学徐汇分校,042036,区属,746.5,800,0.933125,否,,409.5,137,129,140,【徐汇】【2024】名额到校最低分数线.pdf,4
2024,徐汇区,上海市康健外国语实验中学,041347,上海市位育中学,042035,区属,728,800,0.910000,否,,396,129,127,139,【徐汇】【2024】名额到校最低分数线.pdf,4
2024,徐汇区,上海师大附中附属龙华中学,044125,上海市南洋中学,043015,区属,721,800,0.901250,否,,387,120,127,140,【徐汇】【2024】名额到校最低分数线.pdf,5
2024,徐汇区,上海师大附中附属龙华中学,044125,复旦大学附属中学徐汇分校,042036,区属,746,800,0.932500,否,,421,140,138,131,【徐汇】【2024】名额到校最低分数线.pdf,5
2024,徐汇区,上海师大附中附属龙华中学,044125,上海市位育中学,042035,区属,731.5,800,0.914375,否,,399.5,129,130,135,【徐汇】【2024】名额到校最低分数线.pdf,5
2024,徐汇区,上海师大附中附属龙华中学,044125,上海市上海中学,042032,委属,689.5,800,0.861875,否,,368,107,122,126,【徐汇】【2024】名额到校最低分数线.pdf,5
2024,徐汇区,上海师大附中附属龙华中学,044125,上海市南洋模范中学,042008,区属,720.5,800,0.900625,否,,393.5,131,129,132,【徐汇】【2024】名额到校最低分数线.pdf,5
2024,徐汇区,上海师大附中附属龙华中学,044125,上海市第二中学,042001,区属,707,800,0.883750,否,,371,130,129,140,【徐汇】【2024】名额到校最低分数线.pdf,5
2024,徐汇区,上海市零陵中学,044114,上海市南洋中学,043015,区属,695,800,0.868750,否,,370,114,123,132,【徐汇】【2024】名额到校最低分数线.pdf,5
2024,徐汇区,上海市零陵中学,044114,复旦大学附属中学徐汇分校,042036,区属,740,800,0.925000,否,,409,137,127,138,【徐汇】【2024】名额到校最低分数线.pdf,5
2024,徐汇区,上海市零陵中学,044114,上海市位育中学,042035,区属,718,800,0.897500,否,,400,121,133,122,【徐汇】【2024】名额到校最低分数线.pdf,5
2024,徐汇区,上海市零陵中学,044114,上海市上海中学,042032,委属,755.5,800,0.944375,否,,419.5,144,135,138,【徐汇】【2024】名额到校最低分数线.pdf,5
2024,徐汇区,上海市零陵中学,044114,上海市南洋模范中学,042008,区属,711,800,0.888750,否,,389,131,118,132,【徐汇】【2024】名额到校最低分数线.pdf,5
2024,徐汇区,上海市零陵中学,044114,上海市第二中学,042001,区属,707.5,800,0.884375,否,,388.5,111,134,122,【徐汇】【2024】名额到校最低分数线.pdf,5
2024,徐汇区,上海市第四中学,044111,华东师范大学第二附属中学,152003,委属,752,800,0.940000,否,,414,145,125,144,【徐汇】【2024】名额到校最低分数线.pdf,5
2024,徐汇区,上海市第四中学,044111,上海市南洋中学,043015,区属,713.5,800,0.891875,否,,393.5,112,136,130,【徐汇】【2024】名额到校最低分数线.pdf,5
2024,徐汇区,上海市第四中学,044111,复旦大学附属中学徐汇分校,042036,区属,707,800,0.883750,否,,385.5,129,123,127,【徐汇】【2024】名额到校最低分数线.pdf,5
2024,徐汇区,上海市第四中学,044111,上海市位育中学,042035,区属,725.5,800,0.906875,否,,397.5,128,130,135,【徐汇】【2024】名额到校最低分数线.pdf,5
2024,徐汇区,上海市第四中学,044111,上海市上海中学,042032,委属,757,800,0.946250,否,,417,143,133,139,【徐汇】【2024】名额到校最低分数线.pdf,5
2024,徐汇区,上海市第四中学,044111,上海市南洋模范中学,042008,区属,737,800,0.921250,否,,404.5,129,133,138,【徐汇】【2024】名额到校最低分数线.pdf,5
2024,徐汇区,上海市第四中学,044111,上海市第二中学,042001,区属,720,800,0.900000,否,,390,129,121,139,【徐汇】【2024】名额到校最低分数线.pdf,5
2024,徐汇区,徐汇南校,044110,华东师范大学第二附属中学,152003,委属,759.5,800,0.949375,否,,419.5,138,135,144,【徐汇】【2024】名额到校最低分数线.pdf,5
2024,徐汇区,徐汇南校,044110,上海市南洋中学,043015,区属,707,800,0.883750,否,,383,120,123,132,【徐汇】【2024】名额到校最低分数线.pdf,5
2024,徐汇区,徐汇南校,044110,复旦大学附属中学徐汇分校,042036,区属,758,800,0.947500,否,,423,141,135,141,【徐汇】【2024】名额到校最低分数线.pdf,5
2024,徐汇区,徐汇南校,044110,上海市位育中学,042035,区属,740.5,800,0.925625,否,,400.5,128,131,141,【徐汇】【2024】名额到校最低分数线.pdf,5
2024,徐汇区,徐汇南校,044110,上海市南洋模范中学,042008,区属,747,800,0.933750,否,,412,140,130,142,【徐汇】【2024】名额到校最低分数线.pdf,5
2024,徐汇区,徐汇南校,044110,上海市第二中学,042001,区属,719.5,800,0.899375,否,,393.5,131,124,132,【徐汇】【2024】名额到校最低分数线.pdf,5
2024,徐汇区,上海市徐汇中学,044109,上海师范大学附属中学,152006,委属,730.5,800,0.913125,否,,398.5,130,128,136,【徐汇】【2024】名额到校最低分数线.pdf,5
2024,徐汇区,上海市徐汇中学,044109,上海市南洋中学,043015,区属,707,800,0.883750,否,,400,126,136,116,【徐汇】【2024】名额到校最低分数线.pdf,5
2024,徐汇区,上海市徐汇中学,044109,复旦大学附属中学徐汇分校,042036,区属,752,800,0.940000,否,,411.5,144,125,143,【徐汇】【2024】名额到校最低分数线.pdf,5
2024,徐汇区,上海市徐汇中学,044109,上海市位育中学,042035,区属,727,800,0.908750,否,,400,128,129,130,【徐汇】【2024】名额到校最低分数线.pdf,5
2024,徐汇区,上海市徐汇中学,044109,上海市上海中学,042032,委属,760.5,800,0.950625,否,,424.5,146,132,144,【徐汇】【2024】名额到校最低分数线.pdf,5
2024,徐汇区,上海民办南模中学,044182,上海市南洋中学,043015,区属,720.5,800,0.900625,否,,390.5,122,125,139,【徐汇】【2024】名额到校最低分数线.pdf,6
2024,徐汇区,上海民办南模中学,044182,复旦大学附属中学徐汇分校,042036,区属,758,800,0.947500,否,,421.5,145,133,144,【徐汇】【2024】名额到校最低分数线.pdf,6
2024,徐汇区,上海民办南模中学,044182,上海市位育中学,042035,区属,730,800,0.912500,否,,399,137,124,139,【徐汇】【2024】名额到校最低分数线.pdf,6
2024,徐汇区,上海民办南模中学,044182,上海市南洋模范中学,042008,区属,750,800,0.937500,否,,413,139,129,139,【徐汇】【2024】名额到校最低分数线.pdf,6
2024,徐汇区,上海民办南模中学,044182,上海市第二中学,042001,区属,722,800,0.902500,否,,403,124,137,121,【徐汇】【2024】名额到校最低分数线.pdf,6
2024,徐汇区,上海民办位育中学,044181,上海师范大学附属中学,152006,委属,724,800,0.905000,否,,400,129,129,131,【徐汇】【2024】名额到校最低分数线.pdf,6
2024,徐汇区,上海民办位育中学,044181,上海市南洋中学,043015,区属,718.5,800,0.898125,否,,395.5,123,129,128,【徐汇】【2024】名额到校最低分数线.pdf,6
2024,徐汇区,上海民办位育中学,044181,复旦大学附属中学徐汇分校,042036,区属,750.5,800,0.938125,否,,410,135,132,144,【徐汇】【2024】名额到校最低分数线.pdf,6
2024,徐汇区,上海民办位育中学,044181,上海市位育中学,042035,区属,738,800,0.922500,否,,398,129,129,142,【徐汇】【2024】名额到校最低分数线.pdf,6
2024,徐汇区,上海民办位育中学,044181,上海市南洋模范中学,042008,区属,748.5,800,0.935625,否,,410.5,144,128,144,【徐汇】【2024】名额到校最低分数线.pdf,6
2024,徐汇区,上海民办位育中学,044181,上海市第二中学,042001,区属,723,800,0.903750,否,,390,110,136,135,【徐汇】【2024】名额到校最低分数线.pdf,6
2024,徐汇区,上海市西南模范中学,044164,上海市南洋中学,043015,区属,717.5,800,0.896875,否,,390,125,126,136,【徐汇】【2024】名额到校最低分数线.pdf,6
2024,徐汇区,上海市西南模范中学,044164,复旦大学附属中学徐汇分校,042036,区属,755.5,800,0.944375,否,,421.5,149,130,138,【徐汇】【2024】名额到校最低分数线.pdf,6
2024,徐汇区,上海市西南模范中学,044164,上海市位育中学,042035,区属,735.5,800,0.919375,否,,400.5,131,124,141,【徐汇】【2024】名额到校最低分数线.pdf,6
2024,徐汇区,上海市西南模范中学,044164,上海市上海中学,042032,委属,759.5,800,0.949375,否,,416.5,138,134,142,【徐汇】【2024】名额到校最低分数线.pdf,6
2024,徐汇区,上海市西南模范中学,044164,上海市南洋模范中学,042008,区属,748.5,800,0.935625,否,,407.5,141,126,142,【徐汇】【2024】名额到校最低分数线.pdf,6
2024,徐汇区,上海市西南模范中学,044164,上海市第二中学,042001,区属,723,800,0.903750,否,,397.5,112,137,134,【徐汇】【2024】名额到校最低分数线.pdf,6
2024,徐汇区,上海市西南位育中学,044162,上海师范大学附属中学,152006,委属,711,800,0.888750,否,,391,119,133,126,【徐汇】【2024】名额到校最低分数线.pdf,6
2024,徐汇区,上海市西南位育中学,044162,上海市南洋中学,043015,区属,699.5,800,0.874375,否,,376.5,123,116,133,【徐汇】【2024】名额到校最低分数线.pdf,6
2024,徐汇区,上海市西南位育中学,044162,复旦大学附属中学徐汇分校,042036,区属,736.5,800,0.920625,否,,403,138,126,136,【徐汇】【2024】名额到校最低分数线.pdf,6
2024,徐汇区,上海市西南位育中学,044162,上海市位育中学,042035,区属,709.5,800,0.886875,否,,396.5,133,124,121,【徐汇】【2024】名额到校最低分数线.pdf,6
2024,徐汇区,上海市西南位育中学,044162,上海市上海中学,042032,委属,684.5,800,0.855625,否,,381,121,125,107,【徐汇】【2024】名额到校最低分数线.pdf,6
2024,徐汇区,上海市西南位育中学,044162,上海市南洋模范中学,042008,区属,726,800,0.907500,否,,402,120,137,131,【徐汇】【2024】名额到校最低分数线.pdf,6
2024,徐汇区,上海市西南位育中学,044162,上海市第二中学,042001,区属,708.5,800,0.885625,否,,384.5,116,125,134,【徐汇】【2024】名额到校最低分数线.pdf,6
2024,徐汇区,华东理工大学附属中学,044133,上海市南洋中学,043015,区属,715,800,0.893750,否,,385,126,122,135,【徐汇】【2024】名额到校最低分数线.pdf,6
2024,徐汇区,华东理工大学附属中学,044133,复旦大学附属中学徐汇分校,042036,区属,752.5,800,0.940625,否,,419,143,130,136,【徐汇】【2024】名额到校最低分数线.pdf,6
2024,徐汇区,华东理工大学附属中学,044133,上海市位育中学,042035,区属,733.5,800,0.916875,否,,400.5,124,131,137,【徐汇】【2024】名额到校最低分数线.pdf,6
2024,徐汇区,华东理工大学附属中学,044133,上海市上海中学,042032,委属,753.5,800,0.941875,否,,414.5,145,127,142,【徐汇】【2024】名额到校最低分数线.pdf,6
2024,徐汇区,华东理工大学附属中学,044133,上海市南洋模范中学,042008,区属,743.5,800,0.929375,否,,409.5,140,129,140,【徐汇】【2024】名额到校最低分数线.pdf,6
2024,徐汇区,华东理工大学附属中学,044133,上海市第二中学,042001,区属,721.5,800,0.901875,否,,392.5,129,128,138,【徐汇】【2024】名额到校最低分数线.pdf,6
2024,徐汇区,上海师范大学第三附属实验学校,045444,上海市南洋中学,043015,区属,724.5,800,0.905625,否,,396.5,117,134,133,【徐汇】【2024】名额到校最低分数线.pdf,7
2024,徐汇区,上海师范大学第三附属实验学校,045444,复旦大学附属中学徐汇分校,042036,区属,747.5,800,0.934375,否,,413.5,137,131,136,【徐汇】【2024】名额到校最低分数线.pdf,7
2024,徐汇区,上海师范大学第三附属实验学校,045444,上海市位育中学,042035,区属,738.5,800,0.923125,否,,408.5,128,133,134,【徐汇】【2024】名额到校最低分数线.pdf,7
2024,徐汇区,上海师范大学第三附属实验学校,045444,上海市上海中学,042032,委属,749,800,0.936250,否,,412,139,131,144,【徐汇】【2024】名额到校最低分数线.pdf,7
2024,徐汇区,上海师范大学第三附属实验学校,045444,上海市南洋模范中学,042008,区属,745,800,0.931250,否,,414,138,132,135,【徐汇】【2024】名额到校最低分数线.pdf,7
2024,徐汇区,上海师范大学第三附属实验学校,045444,上海市第二中学,042001,区属,728,800,0.910000,否,,402,129,127,132,【徐汇】【2024】名额到校最低分数线.pdf,7
2024,徐汇区,上海市位育实验学校,045304,上海市南洋中学,043015,区属,708.5,800,0.885625,否,,383.5,121,129,131,【徐汇】【2024】名额到校最低分数线.pdf,7
2024,徐汇区,上海市位育实验学校,045304,复旦大学附属中学徐汇分校,042036,区属,739.5,800,0.924375,否,,410.5,130,137,135,【徐汇】【2024】名额到校最低分数线.pdf,7
2024,徐汇区,上海市位育实验学校,045304,上海市位育中学,042035,区属,723.5,800,0.904375,否,,386.5,130,124,144,【徐汇】【2024】名额到校最低分数线.pdf,7
2024,徐汇区,上海市位育实验学校,045304,上海市南洋模范中学,042008,区属,735,800,0.918750,否,,402,128,132,135,【徐汇】【2024】名额到校最低分数线.pdf,7
2024,徐汇区,上海市位育实验学校,045304,上海市第二中学,042001,区属,725.5,800,0.906875,否,,398.5,132,128,134,【徐汇】【2024】名额到校最低分数线.pdf,7
2025,徐汇区,上海市田林中学,041318,复旦大学附属中学,102057,委属,755,800,0.943750,否,50,417,150,124,146,【徐汇】【2025】名额到校最低分数线.pdf,1
2025,徐汇区,上海市田林中学,041318,上海市南洋中学,043015,区属,716,800,0.895000,否,50,391,123,124,130,【徐汇】【2025】名额到校最低分数线.pdf,1
2025,徐汇区,上海市田林中学,041318,复旦大学附属中学徐汇分校,042036,区属,754,800,0.942500,否,50,418,140,130,145,【徐汇】【2025】名额到校最低分数线.pdf,1
2025,徐汇区,上海市田林中学,041318,上海市位育中学,042035,区属,735.5,800,0.919375,否,50,406,138,120,138,【徐汇】【2025】名额到校最低分数线.pdf,1
2025,徐汇区,上海市田林中学,041318,上海市南洋模范中学,042008,区属,739.5,800,0.924375,否,50,408.5,141,123,138,【徐汇】【2025】名额到校最低分数线.pdf,1
2025,徐汇区,上海市田林中学,041318,上海市第二中学,042001,区属,727,800,0.908750,否,50,408,141,128,124,【徐汇】【2025】名额到校最低分数线.pdf,1
2025,徐汇区,上海市南洋初级中学,041316,上海市南洋中学,043015,区属,715,800,0.893750,否,50,392,131,124,127,【徐汇】【2025】名额到校最低分数线.pdf,1
2025,徐汇区,上海市南洋初级中学,041316,复旦大学附属中学徐汇分校,042036,区属,753.5,800,0.941875,否,50,418.5,148,127,143,【徐汇】【2025】名额到校最低分数线.pdf,1
2025,徐汇区,上海市南洋初级中学,041316,上海市位育中学,042035,区属,730.5,800,0.913125,否,50,403.5,148,118,137,【徐汇】【2025】名额到校最低分数线.pdf,1
2025,徐汇区,上海市南洋初级中学,041316,上海市南洋模范中学,042008,区属,746.5,800,0.933125,否,50,409.5,138,130,140,【徐汇】【2025】名额到校最低分数线.pdf,1
2025,徐汇区,上海市南洋初级中学,041316,上海市第二中学,042001,区属,721,800,0.901250,否,50,394,139,124,134,【徐汇】【2025】名额到校最低分数线.pdf,1
2025,徐汇区,上海市南洋模范初级中学,041306,上海师范大学附属中学,152006,委属,736,800,0.920000,否,50,402,129,131,136,【徐汇】【2025】名额到校最低分数线.pdf,1
2025,徐汇区,上海市南洋模范初级中学,041306,上海市南洋中学,043015,区属,712.5,800,0.890625,否,50,386.5,129,120,127,【徐汇】【2025】名额到校最低分数线.pdf,1
2025,徐汇区,上海市南洋模范初级中学,041306,复旦大学附属中学徐汇分校,042036,区属,753,800,0.941250,否,50,415,144,128,143,【徐汇】【2025】名额到校最低分数线.pdf,1
2025,徐汇区,上海市南洋模范初级中学,041306,上海市位育中学,042035,区属,739,800,0.923750,否,50,406,135,132,135,【徐汇】【2025】名额到校最低分数线.pdf,1
2025,徐汇区,上海市南洋模范初级中学,041306,上海市南洋模范中学,042008,区属,748.5,800,0.935625,否,50,405.5,138,124,146,【徐汇】【2025】名额到校最低分数线.pdf,1
2025,徐汇区,上海市南洋模范初级中学,041306,上海市第二中学,042001,区属,728.5,800,0.910625,否,50,395,130,127,142,【徐汇】【2025】名额到校最低分数线.pdf,1
2025,徐汇区,上海市第二初级中学,041305,上海市南洋中学,043015,区属,711,800,0.888750,否,50,384,141,115,136,【徐汇】【2025】名额到校最低分数线.pdf,1
2025,徐汇区,上海市第二初级中学,041305,复旦大学附属中学徐汇分校,042036,区属,739.5,800,0.924375,否,50,404.5,139,121,139,【徐汇】【2025】名额到校最低分数线.pdf,1
2025,徐汇区,上海市第二初级中学,041305,上海市位育中学,042035,区属,728.5,800,0.910625,否,50,394.5,140,118,143,【徐汇】【2025】名额到校最低分数线.pdf,1
2025,徐汇区,上海市第二初级中学,041305,上海市上海中学,042032,委属,752,800,0.940000,否,50,415,144,127,142,【徐汇】【2025】名额到校最低分数线.pdf,1
2025,徐汇区,上海市第二初级中学,041305,上海市南洋模范中学,042008,区属,737.5,800,0.921875,否,50,410.5,142,130,134,【徐汇】【2025】名额到校最低分数线.pdf,1
2025,徐汇区,上海市第二初级中学,041305,上海市第二中学,042001,区属,723.5,800,0.904375,否,50,396.5,131,123,136,【徐汇】【2025】名额到校最低分数线.pdf,1
2025,徐汇区,上海市位育初级中学,041302,上海市南洋中学,043015,区属,712,800,0.890000,否,50,391,133,115,129,【徐汇】【2025】名额到校最低分数线.pdf,1
2025,徐汇区,上海市位育初级中学,041302,复旦大学附属中学徐汇分校,042036,区属,755,800,0.943750,否,50,414,145,129,144,【徐汇】【2025】名额到校最低分数线.pdf,1
2025,徐汇区,上海市位育初级中学,041302,上海市位育中学,042035,区属,739.5,800,0.924375,否,50,407,134,129,140,【徐汇】【2025】名额到校最低分数线.pdf,1
2025,徐汇区,上海市位育初级中学,041302,上海市南洋模范中学,042008,区属,745,800,0.931250,否,50,401,145,121,147,【徐汇】【2025】名额到校最低分数线.pdf,1
2025,徐汇区,上海市位育初级中学,041302,上海市第二中学,042001,区属,726.5,800,0.908125,否,50,397.5,124,131,134,【徐汇】【2025】名额到校最低分数线.pdf,1
2025,徐汇区,上海市徐汇区教育学院附属实验中学南部分校,041328,上海市南洋中学,043015,区属,705,800,0.881250,否,50,382,128,123,127,【徐汇】【2025】名额到校最低分数线.pdf,2
2025,徐汇区,上海市徐汇区教育学院附属实验中学南部分校,041328,复旦大学附属中学徐汇分校,042036,区属,760.5,800,0.950625,否,50,418.5,143,129,147,【徐汇】【2025】名额到校最低分数线.pdf,2
2025,徐汇区,上海市徐汇区教育学院附属实验中学南部分校,041328,上海市位育中学,042035,区属,728.5,800,0.910625,否,50,398.5,135,123,135,【徐汇】【2025】名额到校最低分数线.pdf,2
2025,徐汇区,上海市徐汇区教育学院附属实验中学南部分校,041328,上海市南洋模范中学,042008,区属,729.5,800,0.911875,否,50,405.5,132,134,129,【徐汇】【2025】名额到校最低分数线.pdf,2
2025,徐汇区,上海市徐汇区教育学院附属实验中学南部分校,041328,上海市第二中学,042001,区属,713,800,0.891250,否,50,393,133,121,129,【徐汇】【2025】名额到校最低分数线.pdf,2
2025,徐汇区,上海市徐汇区教育学院附属实验中学,041327,上海市南洋中学,043015,区属,717.5,800,0.896875,否,50,396.5,135,120,132,【徐汇】【2025】名额到校最低分数线.pdf,2
2025,徐汇区,上海市徐汇区教育学院附属实验中学,041327,复旦大学附属中学徐汇分校,042036,区属,756,800,0.945000,否,50,415,147,125,145,【徐汇】【2025】名额到校最低分数线.pdf,2
2025,徐汇区,上海市徐汇区教育学院附属实验中学,041327,上海市位育中学,042035,区属,735,800,0.918750,否,50,409,142,128,132,【徐汇】【2025】名额到校最低分数线.pdf,2
2025,徐汇区,上海市徐汇区教育学院附属实验中学,041327,上海市上海中学,042032,委属,755.5,800,0.944375,否,50,420.5,137,136,140,【徐汇】【2025】名额到校最低分数线.pdf,2
2025,徐汇区,上海市徐汇区教育学院附属实验中学,041327,上海市南洋模范中学,042008,区属,742,800,0.927500,否,50,411,136,131,130,【徐汇】【2025】名额到校最低分数线.pdf,2
2025,徐汇区,上海市徐汇区教育学院附属实验中学,041327,上海市第二中学,042001,区属,724,800,0.905000,否,50,399,135,131,134,【徐汇】【2025】名额到校最低分数线.pdf,2
2025,徐汇区,上海市龙苑中学,041326,上海市南洋中学,043015,区属,721,800,0.901250,否,50,394,132,125,133,【徐汇】【2025】名额到校最低分数线.pdf,2
2025,徐汇区,上海市龙苑中学,041326,复旦大学附属中学徐汇分校,042036,区属,747,800,0.933750,否,50,413,141,130,142,【徐汇】【2025】名额到校最低分数线.pdf,2
2025,徐汇区,上海市龙苑中学,041326,上海市位育中学,042035,区属,734.5,800,0.918125,否,50,398.5,138,125,145,【徐汇】【2025】名额到校最低分数线.pdf,2
2025,徐汇区,上海市龙苑中学,041326,上海市上海中学,042032,委属,758,800,0.947500,否,50,416,142,133,143,【徐汇】【2025】名额到校最低分数线.pdf,2
2025,徐汇区,上海市龙苑中学,041326,上海市南洋模范中学,042008,区属,737,800,0.921250,否,50,406,146,117,135,【徐汇】【2025】名额到校最低分数线.pdf,2
2025,徐汇区,上海市龙苑中学,041326,上海市第二中学,042001,区属,674,800,0.842500,否,50,369,116,114,118,【徐汇】【2025】名额到校最低分数线.pdf,2
2025,徐汇区,上海市田林第三中学,041320,华东师范大学第二附属中学,152003,委属,756.5,800,0.945625,否,50,417.5,150,128,144,【徐汇】【2025】名额到校最低分数线.pdf,2
2025,徐汇区,上海市田林第三中学,041320,上海市南洋中学,043015,区属,715,800,0.893750,否,50,388,139,115,139,【徐汇】【2025】名额到校最低分数线.pdf,2
2025,徐汇区,上海市田林第三中学,041320,复旦大学附属中学徐汇分校,042036,区属,749,800,0.936250,否,50,414,143,128,142,【徐汇】【2025】名额到校最低分数线.pdf,2
2025,徐汇区,上海市田林第三中学,041320,上海市位育中学,042035,区属,730,800,0.912500,否,50,402,129,128,132,【徐汇】【2025】名额到校最低分数线.pdf,2
2025,徐汇区,上海市田林第三中学,041320,上海市上海中学,042032,委属,754,800,0.942500,否,50,413,139,130,143,【徐汇】【2025】名额到校最低分数线.pdf,2
2025,徐汇区,上海市田林第三中学,041320,上海市南洋模范中学,042008,区属,743,800,0.928750,否,50,405,138,126,145,【徐汇】【2025】名额到校最低分数线.pdf,2
2025,徐汇区,上海市田林第三中学,041320,上海市第二中学,042001,区属,723,800,0.903750,否,50,401,127,131,124,【徐汇】【2025】名额到校最低分数线.pdf,2
2025,徐汇区,上海市田林第二中学,041319,华东师范大学第二附属中学,152003,委属,670,800,0.837500,否,50,368,112,125,107,【徐汇】【2025】名额到校最低分数线.pdf,2
2025,徐汇区,上海市田林第二中学,041319,上海市南洋中学,043015,区属,711,800,0.888750,否,50,391.5,126,123,129,【徐汇】【2025】名额到校最低分数线.pdf,2
2025,徐汇区,上海市田林第二中学,041319,复旦大学附属中学徐汇分校,042036,区属,757.5,800,0.946875,否,50,418.5,134,137,143,【徐汇】【2025】名额到校最低分数线.pdf,2
2025,徐汇区,上海市田林第二中学,041319,上海市位育中学,042035,区属,722,800,0.902500,否,50,391,119,130,136,【徐汇】【2025】名额到校最低分数线.pdf,2
2025,徐汇区,上海市田林第二中学,041319,上海市南洋模范中学,042008,区属,725.5,800,0.906875,否,50,398.5,129,126,130,【徐汇】【2025】名额到校最低分数线.pdf,2
2025,徐汇区,上海市田林第二中学,041319,上海市第二中学,042001,区属,720,800,0.900000,否,50,396,138,125,133,【徐汇】【2025】名额到校最低分数线.pdf,2
2025,徐汇区,上海市康健外国语实验中学,041347,上海市位育中学,042035,区属,733.5,800,0.916875,否,50,401.5,139,121,138,【徐汇】【2025】名额到校最低分数线.pdf,3
2025,徐汇区,上海市康健外国语实验中学,041347,上海市上海中学,042032,委属,757.5,800,0.946875,否,50,419.5,143,130,139,【徐汇】【2025】名额到校最低分数线.pdf,3
2025,徐汇区,上海市康健外国语实验中学,041347,上海市南洋模范中学,042008,区属,744,800,0.930000,否,50,408,144,120,141,【徐汇】【2025】名额到校最低分数线.pdf,3
2025,徐汇区,上海市康健外国语实验中学,041347,上海市第二中学,042001,区属,720.5,800,0.900625,否,50,396.5,132,126,131,【徐汇】【2025】名额到校最低分数线.pdf,3
2025,徐汇区,上海市紫阳中学,041336,华东师范大学第二附属中学,152003,委属,750.5,800,0.938125,否,50,416.5,139,136,135,【徐汇】【2025】名额到校最低分数线.pdf,3
2025,徐汇区,上海市紫阳中学,041336,上海市南洋中学,043015,区属,717,800,0.896250,否,50,395,142,111,135,【徐汇】【2025】名额到校最低分数线.pdf,3
2025,徐汇区,上海市紫阳中学,041336,复旦大学附属中学徐汇分校,042036,区属,757.5,800,0.946875,否,50,425.5,147,133,134,【徐汇】【2025】名额到校最低分数线.pdf,3
2025,徐汇区,上海市紫阳中学,041336,上海市位育中学,042035,区属,723.5,800,0.904375,否,50,396,141,116,133,【徐汇】【2025】名额到校最低分数线.pdf,3
2025,徐汇区,上海市紫阳中学,041336,上海市上海中学,042032,委属,760,800,0.950000,否,50,417,144,133,146,【徐汇】【2025】名额到校最低分数线.pdf,3
2025,徐汇区,上海市紫阳中学,041336,上海市南洋模范中学,042008,区属,733,800,0.916250,否,50,403,135,126,138,【徐汇】【2025】名额到校最低分数线.pdf,3
2025,徐汇区,上海市紫阳中学,041336,上海市第二中学,042001,区属,707.5,800,0.884375,否,50,379.5,139,120,137,【徐汇】【2025】名额到校最低分数线.pdf,3
2025,徐汇区,上海市梅园中学,041334,上海市南洋中学,043015,区属,727.5,800,0.909375,否,50,407.5,137,127,126,【徐汇】【2025】名额到校最低分数线.pdf,3
2025,徐汇区,上海市梅园中学,041334,复旦大学附属中学徐汇分校,042036,区属,750.5,800,0.938125,否,50,417.5,138,134,139,【徐汇】【2025】名额到校最低分数线.pdf,3
2025,徐汇区,上海市梅园中学,041334,上海市位育中学,042035,区属,733,800,0.916250,否,50,399,125,132,132,【徐汇】【2025】名额到校最低分数线.pdf,3
2025,徐汇区,上海市梅园中学,041334,上海市南洋模范中学,042008,区属,738.5,800,0.923125,否,50,407.5,136,129,137,【徐汇】【2025】名额到校最低分数线.pdf,3
2025,徐汇区,上海市梅园中学,041334,上海市第二中学,042001,区属,725,800,0.906250,否,50,399,134,118,132,【徐汇】【2025】名额到校最低分数线.pdf,3
2025,徐汇区,上海市汾阳中学,041331,上海市南洋中学,043015,区属,719.5,800,0.899375,否,50,397.5,130,127,125,【徐汇】【2025】名额到校最低分数线.pdf,3
2025,徐汇区,上海市汾阳中学,041331,复旦大学附属中学徐汇分校,042036,区属,722.5,800,0.903125,否,50,397.5,130,127,130,【徐汇】【2025】名额到校最低分数线.pdf,3
2025,徐汇区,上海市汾阳中学,041331,上海市位育中学,042035,区属,727,800,0.908750,否,50,396.5,135,125,133,【徐汇】【2025】名额到校最低分数线.pdf,3
2025,徐汇区,上海市汾阳中学,041331,上海市上海中学,042032,委属,737,800,0.921250,否,50,411.5,143,128,135,【徐汇】【2025】名额到校最低分数线.pdf,3
2025,徐汇区,上海市汾阳中学,041331,上海市南洋模范中学,042008,区属,730,800,0.912500,否,50,398,133,126,138,【徐汇】【2025】名额到校最低分数线.pdf,3
2025,徐汇区,上海市汾阳中学,041331,上海市第二中学,042001,区属,718.5,800,0.898125,否,50,386.5,115,127,137,【徐汇】【2025】名额到校最低分数线.pdf,3
2025,徐汇区,上海市园南中学,041329,上海师范大学附属中学,152006,委属,726.5,800,0.908125,否,50,397.5,132,121,138,【徐汇】【2025】名额到校最低分数线.pdf,3
2025,徐汇区,上海市园南中学,041329,上海市南洋中学,043015,区属,717,800,0.896250,否,50,385,115,125,137,【徐汇】【2025】名额到校最低分数线.pdf,3
2025,徐汇区,上海市园南中学,041329,复旦大学附属中学徐汇分校,042036,区属,756,800,0.945000,否,50,419,146,126,144,【徐汇】【2025】名额到校最低分数线.pdf,3
2025,徐汇区,上海市园南中学,041329,上海市位育中学,042035,区属,739,800,0.923750,否,50,413,135,137,134,【徐汇】【2025】名额到校最低分数线.pdf,3
2025,徐汇区,上海市园南中学,041329,上海市上海中学,042032,委属,758.5,800,0.948125,否,50,422.5,146,132,142,【徐汇】【2025】名额到校最低分数线.pdf,3
2025,徐汇区,上海市园南中学,041329,上海市南洋模范中学,042008,区属,746.5,800,0.933125,否,50,410.5,143,124,144,【徐汇】【2025】名额到校最低分数线.pdf,3
2025,徐汇区,上海市园南中学,041329,上海市第二中学,042001,区属,719.5,800,0.899375,否,50,396.5,136,114,129,【徐汇】【2025】名额到校最低分数线.pdf,3
2025,徐汇区,上海市徐汇区教育学院附属实验中学南部分校,041328,华东师范大学第二附属中学,152003,委属,751,800,0.938750,否,50,418,150,122,135,【徐汇】【2025】名额到校最低分数线.pdf,3
2025,徐汇区,上海市徐汇中学,044109,上海市南洋模范中学,042008,区属,742,800,0.927500,否,50,407,138,125,140,【徐汇】【2025】名额到校最低分数线.pdf,4
2025,徐汇区,上海市徐汇中学,044109,上海市第二中学,042001,区属,725,800,0.906250,否,50,400,138,128,132,【徐汇】【2025】名额到校最低分数线.pdf,4
2025,徐汇区,上海市第五十四中学,044107,上海交通大学附属中学,102056,委属,726,800,0.907500,否,50,401,126,131,131,【徐汇】【2025】名额到校最低分数线.pdf,4
2025,徐汇区,上海市第五十四中学,044107,上海市南洋中学,043015,区属,715.5,800,0.894375,否,50,393,136,124,137,【徐汇】【2025】名额到校最低分数线.pdf,4
2025,徐汇区,上海市第五十四中学,044107,复旦大学附属中学徐汇分校,042036,区属,751.5,800,0.939375,否,50,419.5,145,137,137,【徐汇】【2025】名额到校最低分数线.pdf,4
2025,徐汇区,上海市第五十四中学,044107,上海市位育中学,042035,区属,718.5,800,0.898125,否,50,392,144,123,139,【徐汇】【2025】名额到校最低分数线.pdf,4
2025,徐汇区,上海市第五十四中学,044107,上海市南洋模范中学,042008,区属,727,800,0.908750,否,50,400,132,130,136,【徐汇】【2025】名额到校最低分数线.pdf,4
2025,徐汇区,上海市第五十四中学,044107,上海市第二中学,042001,区属,718.5,800,0.898125,否,50,395.5,133,125,134,【徐汇】【2025】名额到校最低分数线.pdf,4
2025,徐汇区,上海市中国中学,044103,上海师范大学附属中学,152006,委属,727,800,0.908750,否,50,405,137,127,128,【徐汇】【2025】名额到校最低分数线.pdf,4
2025,徐汇区,上海市中国中学,044103,上海市南洋中学,043015,区属,718.5,800,0.898125,否,50,385.5,113,134,141,【徐汇】【2025】名额到校最低分数线.pdf,4
2025,徐汇区,上海市中国中学,044103,复旦大学附属中学徐汇分校,042036,区属,751,800,0.938750,否,50,412,146,120,143,【徐汇】【2025】名额到校最低分数线.pdf,4
2025,徐汇区,上海市中国中学,044103,上海市位育中学,042035,区属,737.5,800,0.921875,否,50,409.5,134,130,135,【徐汇】【2025】名额到校最低分数线.pdf,4
2025,徐汇区,上海市中国中学,044103,上海市南洋模范中学,042008,区属,742,800,0.927500,否,50,415.5,150,121,133,【徐汇】【2025】名额到校最低分数线.pdf,4
2025,徐汇区,上海市中国中学,044103,上海市第二中学,042001,区属,722,800,0.902500,否,50,406,133,131,123,【徐汇】【2025】名额到校最低分数线.pdf,4
2025,徐汇区,上海市民办华育中学,041385,上海市南洋中学,043015,区属,705,800,0.881250,否,50,391,134,121,118,【徐汇】【2025】名额到校最低分数线.pdf,4
2025,徐汇区,上海市民办华育中学,041385,复旦大学附属中学徐汇分校,042036,区属,755.5,800,0.944375,否,50,416.5,141,128,143,【徐汇】【2025】名额到校最低分数线.pdf,4
2025,徐汇区,上海市民办华育中学,041385,上海市位育中学,042035,区属,730.5,800,0.913125,否,50,407.5,145,127,129,【徐汇】【2025】名额到校最低分数线.pdf,4
2025,徐汇区,上海市民办华育中学,041385,上海市上海中学,042032,委属,757.5,800,0.946875,否,50,423.5,148,131,138,【徐汇】【2025】名额到校最低分数线.pdf,4
2025,徐汇区,上海市民办华育中学,041385,上海市南洋模范中学,042008,区属,744,800,0.930000,否,50,411,137,135,143,【徐汇】【2025】名额到校最低分数线.pdf,4
2025,徐汇区,上海市民办华育中学,041385,上海市第二中学,042001,区属,713,800,0.891250,否,50,387,125,125,128,【徐汇】【2025】名额到校最低分数线.pdf,4
2025,徐汇区,上海市世外中学,041363,复旦大学附属中学,102057,委属,759.5,800,0.949375,否,50,415.5,142,128,146,【徐汇】【2025】名额到校最低分数线.pdf,4
2025,徐汇区,上海市世外中学,041363,上海市南洋中学,043015,区属,698,800,0.872500,否,50,379,132,112,135,【徐汇】【2025】名额到校最低分数线.pdf,4
2025,徐汇区,上海市世外中学,041363,复旦大学附属中学徐汇分校,042036,区属,756,800,0.945000,否,50,416,147,127,143,【徐汇】【2025】名额到校最低分数线.pdf,4
2025,徐汇区,上海市世外中学,041363,上海市位育中学,042035,区属,729,800,0.911250,否,50,399,132,129,137,【徐汇】【2025】名额到校最低分数线.pdf,4
2025,徐汇区,上海市世外中学,041363,上海市上海中学,042032,委属,759.5,800,0.949375,否,50,421.5,143,132,140,【徐汇】【2025】名额到校最低分数线.pdf,4
2025,徐汇区,上海市世外中学,041363,上海市南洋模范中学,042008,区属,746.5,800,0.933125,否,50,409.5,143,125,138,【徐汇】【2025】名额到校最低分数线.pdf,4
2025,徐汇区,上海市世外中学,041363,上海市第二中学,042001,区属,704.5,800,0.880625,否,50,387.5,127,118,126,【徐汇】【2025】名额到校最低分数线.pdf,4
2025,徐汇区,上海市康健外国语实验中学,041347,上海师范大学附属中学,152006,委属,727,800,0.908750,否,50,396,132,128,138,【徐汇】【2025】名额到校最低分数线.pdf,4
2025,徐汇区,上海市康健外国语实验中学,041347,上海市南洋中学,043015,区属,714.5,800,0.893125,否,50,400.5,139,125,129,【徐汇】【2025】名额到校最低分数线.pdf,4
2025,徐汇区,上海市康健外国语实验中学,041347,复旦大学附属中学徐汇分校,042036,区属,749,800,0.936250,否,50,408,145,119,144,【徐汇】【2025】名额到校最低分数线.pdf,4
2025,徐汇区,华东理工大学附属中学,044133,上海市南洋中学,043015,区属,717.5,800,0.896875,否,50,390.5,127,127,135,【徐汇】【2025】名额到校最低分数线.pdf,5
2025,徐汇区,华东理工大学附属中学,044133,复旦大学附属中学徐汇分校,042036,区属,758,800,0.947500,否,50,420,145,129,142,【徐汇】【2025】名额到校最低分数线.pdf,5
2025,徐汇区,华东理工大学附属中学,044133,上海市位育中学,042035,区属,735,800,0.918750,否,50,405,141,126,133,【徐汇】【2025】名额到校最低分数线.pdf,5
2025,徐汇区,华东理工大学附属中学,044133,上海市南洋模范中学,042008,区属,739.5,800,0.924375,否,50,403.5,140,119,146,【徐汇】【2025】名额到校最低分数线.pdf,5
2025,徐汇区,华东理工大学附属中学,044133,上海市第二中学,042001,区属,717,800,0.896250,否,50,395,126,128,127,【徐汇】【2025】名额到校最低分数线.pdf,5
2025,徐汇区,上海市零陵中学,044114,上海市南洋中学,043015,区属,702.5,800,0.878125,否,50,386,139,117,133,【徐汇】【2025】名额到校最低分数线.pdf,5
2025,徐汇区,上海市零陵中学,044114,复旦大学附属中学徐汇分校,042036,区属,731,800,0.913750,否,50,403,135,125,138,【徐汇】【2025】名额到校最低分数线.pdf,5
2025,徐汇区,上海市零陵中学,044114,上海市位育中学,042035,区属,727.5,800,0.909375,否,50,401.5,134,127,134,【徐汇】【2025】名额到校最低分数线.pdf,5
2025,徐汇区,上海市零陵中学,044114,上海市上海中学,042032,委属,728.5,800,0.910625,否,50,397.5,142,118,138,【徐汇】【2025】名额到校最低分数线.pdf,5
2025,徐汇区,上海市零陵中学,044114,上海市南洋模范中学,042008,区属,733.5,800,0.916875,否,50,400.5,138,129,139,【徐汇】【2025】名额到校最低分数线.pdf,5
2025,徐汇区,上海市零陵中学,044114,上海市第二中学,042001,区属,705,800,0.881250,否,50,381,126,120,125,【徐汇】【2025】名额到校最低分数线.pdf,5
2025,徐汇区,上海市第四中学,044111,上海师范大学附属中学,152006,委属,725.5,800,0.906875,否,50,398.5,125,129,129,【徐汇】【2025】名额到校最低分数线.pdf,5
2025,徐汇区,上海市第四中学,044111,复旦大学附属中学,102057,委属,756,800,0.945000,否,50,417,150,124,146,【徐汇】【2025】名额到校最低分数线.pdf,5
2025,徐汇区,上海市第四中学,044111,上海市南洋中学,043015,区属,719,800,0.898750,否,50,391,126,126,133,【徐汇】【2025】名额到校最低分数线.pdf,5
2025,徐汇区,上海市第四中学,044111,复旦大学附属中学徐汇分校,042036,区属,756.5,800,0.945625,否,50,420,148,129,142.5,【徐汇】【2025】名额到校最低分数线.pdf,5
2025,徐汇区,上海市第四中学,044111,上海市位育中学,042035,区属,731.5,800,0.914375,否,50,408.5,142,124,130,【徐汇】【2025】名额到校最低分数线.pdf,5
2025,徐汇区,上海市第四中学,044111,上海市上海中学,042032,委属,754.5,800,0.943125,否,50,415.5,144,125,141,【徐汇】【2025】名额到校最低分数线.pdf,5
2025,徐汇区,上海市第四中学,044111,上海市南洋模范中学,042008,区属,739.5,800,0.924375,否,50,412.5,136,129,135,【徐汇】【2025】名额到校最低分数线.pdf,5
2025,徐汇区,上海市第四中学,044111,上海市第二中学,042001,区属,722.5,800,0.903125,否,50,398.5,130,126,132,【徐汇】【2025】名额到校最低分数线.pdf,5
2025,徐汇区,徐汇南校,044110,上海交通大学附属中学,102056,委属,759.5,800,0.949375,否,50,420.5,144,133,143,【徐汇】【2025】名额到校最低分数线.pdf,5
2025,徐汇区,徐汇南校,044110,上海市南洋中学,043015,区属,713.5,800,0.891875,否,50,397,136,119,131,【徐汇】【2025】名额到校最低分数线.pdf,5
2025,徐汇区,徐汇南校,044110,复旦大学附属中学徐汇分校,042036,区属,752,800,0.940000,否,50,416,147,126,144,【徐汇】【2025】名额到校最低分数线.pdf,5
2025,徐汇区,徐汇南校,044110,上海市位育中学,042035,区属,733,800,0.916250,否,50,396,133,122,141,【徐汇】【2025】名额到校最低分数线.pdf,5
2025,徐汇区,徐汇南校,044110,上海市南洋模范中学,042008,区属,745,800,0.931250,否,50,410,146,124,140,【徐汇】【2025】名额到校最低分数线.pdf,5
2025,徐汇区,徐汇南校,044110,上海市第二中学,042001,区属,716.5,800,0.895625,否,50,394.5,131,124,127,【徐汇】【2025】名额到校最低分数线.pdf,5
2025,徐汇区,上海市徐汇中学,044109,上海交通大学附属中学,102056,委属,735.5,800,0.919375,否,50,406.5,142,125,130,【徐汇】【2025】名额到校最低分数线.pdf,5
2025,徐汇区,上海市徐汇中学,044109,上海市南洋中学,043015,区属,708,800,0.885000,否,50,401,128,129,118,【徐汇】【2025】名额到校最低分数线.pdf,5
2025,徐汇区,上海市徐汇中学,044109,复旦大学附属中学徐汇分校,042036,区属,751.5,800,0.939375,否,50,421.5,144,136,136,【徐汇】【2025】名额到校最低分数线.pdf,5
2025,徐汇区,上海市徐汇中学,044109,上海市位育中学,042035,区属,733.5,800,0.916875,否,50,403.5,135,128,137,【徐汇】【2025】名额到校最低分数线.pdf,5
2025,徐汇区,上海市徐汇中学,044109,上海市上海中学,042032,委属,750.5,800,0.938125,否,50,409.5,150,120,144,【徐汇】【2025】名额到校最低分数线.pdf,5
2025,徐汇区,上海市位育实验学校,045304,上海市位育中学,042035,区属,734,800,0.917500,否,50,402,133,131,134,【徐汇】【2025】名额到校最低分数线.pdf,6
2025,徐汇区,上海市位育实验学校,045304,上海市上海中学,042032,委属,753.5,800,0.941875,否,50,412.5,141,125,142,【徐汇】【2025】名额到校最低分数线.pdf,6
2025,徐汇区,上海市位育实验学校,045304,上海市南洋模范中学,042008,区属,745.5,800,0.931875,否,50,407.5,143,120,144,【徐汇】【2025】名额到校最低分数线.pdf,6
2025,徐汇区,上海市位育实验学校,045304,上海市第二中学,042001,区属,719.5,800,0.899375,否,50,391.5,132,120,132,【徐汇】【2025】名额到校最低分数线.pdf,6
2025,徐汇区,上海民办南模中学,044182,上海交通大学附属中学,102056,委属,756.5,800,0.945625,否,50,416.5,139,134,143,【徐汇】【2025】名额到校最低分数线.pdf,6
2025,徐汇区,上海民办南模中学,044182,上海市南洋中学,043015,区属,713,800,0.891250,否,50,387,130,129,130,【徐汇】【2025】名额到校最低分数线.pdf,6
2025,徐汇区,上海民办南模中学,044182,复旦大学附属中学徐汇分校,042036,区属,757.5,800,0.946875,否,50,424.5,145,134,140,【徐汇】【2025】名额到校最低分数线.pdf,6
2025,徐汇区,上海民办南模中学,044182,上海市位育中学,042035,区属,736.5,800,0.920625,否,50,408.5,138,131,135,【徐汇】【2025】名额到校最低分数线.pdf,6
2025,徐汇区,上海民办南模中学,044182,上海市南洋模范中学,042008,区属,752,800,0.940000,否,50,413,143,128,141,【徐汇】【2025】名额到校最低分数线.pdf,6
2025,徐汇区,上海民办南模中学,044182,上海市第二中学,042001,区属,727,800,0.908750,否,50,403,135,125,131,【徐汇】【2025】名额到校最低分数线.pdf,6
2025,徐汇区,上海民办位育中学,044181,上海市南洋中学,043015,区属,716,800,0.895000,否,50,389,126,127,131,【徐汇】【2025】名额到校最低分数线.pdf,6
2025,徐汇区,上海民办位育中学,044181,复旦大学附属中学徐汇分校,042036,区属,757.5,800,0.946875,否,50,415.5,144,128,145,【徐汇】【2025】名额到校最低分数线.pdf,6
2025,徐汇区,上海民办位育中学,044181,上海市位育中学,042035,区属,732.5,800,0.915625,否,50,407.5,147,123,133,【徐汇】【2025】名额到校最低分数线.pdf,6
2025,徐汇区,上海民办位育中学,044181,上海市上海中学,042032,委属,759.5,800,0.949375,否,50,423.5,150,128,139,【徐汇】【2025】名额到校最低分数线.pdf,6
2025,徐汇区,上海民办位育中学,044181,上海市南洋模范中学,042008,区属,747.5,800,0.934375,否,50,410.5,137,132,140,【徐汇】【2025】名额到校最低分数线.pdf,6
2025,徐汇区,上海民办位育中学,044181,上海市第二中学,042001,区属,723.5,800,0.904375,否,50,403.5,140,127,132,【徐汇】【2025】名额到校最低分数线.pdf,6
2025,徐汇区,上海市西南模范中学,044164,复旦大学附属中学,102057,委属,759,800,0.948750,否,50,423,149,130,138,【徐汇】【2025】名额到校最低分数线.pdf,6
2025,徐汇区,上海市西南模范中学,044164,上海市南洋中学,043015,区属,715,800,0.893750,否,50,384,130,124,135,【徐汇】【2025】名额到校最低分数线.pdf,6
2025,徐汇区,上海市西南模范中学,044164,复旦大学附属中学徐汇分校,042036,区属,753.5,800,0.941875,否,50,414.5,143,129,144,【徐汇】【2025】名额到校最低分数线.pdf,6
2025,徐汇区,上海市西南模范中学,044164,上海市位育中学,042035,区属,737.5,800,0.921875,否,50,408.5,140,127,136,【徐汇】【2025】名额到校最低分数线.pdf,6
2025,徐汇区,上海市西南模范中学,044164,上海市上海中学,042032,委属,759.5,800,0.949375,否,50,424.5,150,128,142,【徐汇】【2025】名额到校最低分数线.pdf,6
2025,徐汇区,上海市西南模范中学,044164,上海市南洋模范中学,042008,区属,745,800,0.931250,否,50,409,150,122,139,【徐汇】【2025】名额到校最低分数线.pdf,6
2025,徐汇区,上海市西南模范中学,044164,上海市第二中学,042001,区属,724.5,800,0.905625,否,50,401.5,136,123,130,【徐汇】【2025】名额到校最低分数线.pdf,6
2025,徐汇区,上海市西南位育中学,044162,上海师范大学附属中学,152006,委属,705.5,800,0.881875,否,50,386,132,115,127,【徐汇】【2025】名额到校最低分数线.pdf,6
2025,徐汇区,上海市西南位育中学,044162,上海市南洋中学,043015,区属,708,800,0.885000,否,50,391.5,129,125,125,【徐汇】【2025】名额到校最低分数线.pdf,6
2025,徐汇区,上海市西南位育中学,044162,复旦大学附属中学徐汇分校,042036,区属,749,800,0.936250,否,50,414,148,127,144,【徐汇】【2025】名额到校最低分数线.pdf,6
2025,徐汇区,上海市西南位育中学,044162,上海市位育中学,042035,区属,726,800,0.907500,否,50,401.5,139,123,133,【徐汇】【2025】名额到校最低分数线.pdf,6
2025,徐汇区,上海市西南位育中学,044162,上海市上海中学,042032,委属,754,800,0.942500,否,50,415,142,127,148,【徐汇】【2025】名额到校最低分数线.pdf,6
2025,徐汇区,上海市西南位育中学,044162,上海市南洋模范中学,042008,区属,740.5,800,0.925625,否,50,406.5,139,125,138,【徐汇】【2025】名额到校最低分数线.pdf,6
2025,徐汇区,上海市西南位育中学,044162,上海市第二中学,042001,区属,714.5,800,0.893125,否,50,390.5,122,128,132,【徐汇】【2025】名额到校最低分数线.pdf,6
2025,徐汇区,上海师范大学第三附属实验学校,045444,上海市南洋中学,043015,区属,719,800,0.898750,否,50,388,140,121,140,【徐汇】【2025】名额到校最低分数线.pdf,7
2025,徐汇区,上海师范大学第三附属实验学校,045444,复旦大学附属中学徐汇分校,042036,区属,750,800,0.937500,否,50,412,139,126,143,【徐汇】【2025】名额到校最低分数线.pdf,7
2025,徐汇区,上海师范大学第三附属实验学校,045444,上海市位育中学,042035,区属,734,800,0.917500,否,50,406,134,133,135,【徐汇】【2025】名额到校最低分数线.pdf,7
2025,徐汇区,上海师范大学第三附属实验学校,045444,上海市上海中学,042032,委属,757.5,800,0.946875,否,50,416.5,147,128,146,【徐汇】【2025】名额到校最低分数线.pdf,7
2025,徐汇区,上海师范大学第三附属实验学校,045444,上海市南洋模范中学,042008,区属,740.5,800,0.925625,否,50,412.5,145,126,133,【徐汇】【2025】名额到校最低分数线.pdf,7
2025,徐汇区,上海师范大学第三附属实验学校,045444,上海市第二中学,042001,区属,725.5,800,0.906875,否,50,396.5,128,127,132,【徐汇】【2025】名额到校最低分数线.pdf,7
2025,徐汇区,上海市徐汇区上汇实验学校,045306,上海交通大学附属中学,102056,委属,754,800,0.942500,否,50,422,147,130,138,【徐汇】【2025】名额到校最低分数线.pdf,7
2025,徐汇区,上海市徐汇区上汇实验学校,045306,上海市南洋中学,043015,区属,699.5,800,0.874375,否,50,375.5,125,113,131,【徐汇】【2025】名额到校最低分数线.pdf,7
2025,徐汇区,上海市徐汇区上汇实验学校,045306,复旦大学附属中学徐汇分校,042036,区属,741,800,0.926250,否,50,407,132,132,138,【徐汇】【2025】名额到校最低分数线.pdf,7
2025,徐汇区,上海市徐汇区上汇实验学校,045306,上海市位育中学,042035,区属,735,800,0.918750,否,50,400,126,132,139,【徐汇】【2025】名额到校最低分数线.pdf,7
2025,徐汇区,上海市徐汇区上汇实验学校,045306,上海市南洋模范中学,042008,区属,731.5,800,0.914375,否,50,413.5,132,134,123,【徐汇】【2025】名额到校最低分数线.pdf,7
2025,徐汇区,上海市徐汇区上汇实验学校,045306,上海市第二中学,042001,区属,698.5,800,0.873125,否,50,376.5,123,121,134,【徐汇】【2025】名额到校最低分数线.pdf,7
2025,徐汇区,上海市位育实验学校,045304,上海市南洋中学,043015,区属,716,800,0.895000,否,50,389,126,123,134,【徐汇】【2025】名额到校最低分数线.pdf,7
2025,徐汇区,上海市位育实验学校,045304,复旦大学附属中学徐汇分校,042036,区属,751.5,800,0.939375,否,50,417,146,123,138,【徐汇】【2025】名额到校最低分数线.pdf,7
2026,徐汇区,上海市南洋初级中学,041316,上海市位育中学,042035,区属,741,800,0.926250,否,50,409,136,126,139,【徐汇】【2026】名额到校最低分数线.pdf,1
2026,徐汇区,上海市南洋初级中学,041316,上海市上海中学,042032,委属,765,800,0.956250,否,50,424,145,133,144,【徐汇】【2026】名额到校最低分数线.pdf,1
2026,徐汇区,上海市南洋初级中学,041316,上海市南洋模范中学,042008,区属,746,800,0.932500,否,50,408,132,131,139,【徐汇】【2026】名额到校最低分数线.pdf,1
2026,徐汇区,上海市南洋初级中学,041316,上海市第二中学（梅陇校区）,042002,区属,731,800,0.913750,否,50,404,132,129,135,【徐汇】【2026】名额到校最低分数线.pdf,1
2026,徐汇区,上海市南洋初级中学,041316,上海市第二中学,042001,区属,726.5,800,0.908125,否,50,393,131,123,139,【徐汇】【2026】名额到校最低分数线.pdf,1
2026,徐汇区,上海市南洋模范初级中学,041306,上海交通大学附属中学,102056,委属,765.5,800,0.956875,否,50,422.5,144,132,146,【徐汇】【2026】名额到校最低分数线.pdf,1
2026,徐汇区,上海市南洋模范初级中学,041306,上海市南洋中学,043015,区属,724.5,800,0.905625,否,50,396.5,134,122,137,【徐汇】【2026】名额到校最低分数线.pdf,1
2026,徐汇区,上海市南洋模范初级中学,041306,复旦大学附属中学徐汇分校,042036,区属,756.5,800,0.945625,否,50,408.5,137,130,149,【徐汇】【2026】名额到校最低分数线.pdf,1
2026,徐汇区,上海市南洋模范初级中学,041306,上海市位育中学,042035,区属,744.5,800,0.930625,否,50,412.5,142,127,136,【徐汇】【2026】名额到校最低分数线.pdf,1
2026,徐汇区,上海市南洋模范初级中学,041306,上海市上海中学,042032,委属,765.5,800,0.956875,否,50,423.5,150,129,145,【徐汇】【2026】名额到校最低分数线.pdf,1
2026,徐汇区,上海市南洋模范初级中学,041306,上海市南洋模范中学,042008,区属,755,800,0.943750,否,50,416.5,148,127,146,【徐汇】【2026】名额到校最低分数线.pdf,1
2026,徐汇区,上海市南洋模范初级中学,041306,上海市第二中学（梅陇校区）,042002,区属,743,800,0.928750,否,50,402,135,127,146,【徐汇】【2026】名额到校最低分数线.pdf,1
2026,徐汇区,上海市南洋模范初级中学,041306,上海市第二中学,042001,区属,735.5,800,0.919375,否,50,404.5,141,122,137,【徐汇】【2026】名额到校最低分数线.pdf,1
2026,徐汇区,上海市第二初级中学,041305,上海交通大学附属中学,102056,委属,764.5,800,0.955625,否,50,418.5,146,129,149,【徐汇】【2026】名额到校最低分数线.pdf,1
2026,徐汇区,上海市第二初级中学,041305,上海市南洋中学,043015,区属,733.5,800,0.916875,否,50,398.5,130,122,141,【徐汇】【2026】名额到校最低分数线.pdf,1
2026,徐汇区,上海市第二初级中学,041305,复旦大学附属中学徐汇分校,042036,区属,759,800,0.948750,否,50,422,145,129,145,【徐汇】【2026】名额到校最低分数线.pdf,1
2026,徐汇区,上海市第二初级中学,041305,上海市位育中学,042035,区属,742.5,800,0.928125,否,50,406.5,136,131,140,【徐汇】【2026】名额到校最低分数线.pdf,1
2026,徐汇区,上海市第二初级中学,041305,上海市上海中学,042032,委属,763.5,800,0.954375,否,50,419.5,145,129,145,【徐汇】【2026】名额到校最低分数线.pdf,1
2026,徐汇区,上海市第二初级中学,041305,上海市南洋模范中学,042008,区属,754.5,800,0.943125,否,50,411.5,131,137,147,【徐汇】【2026】名额到校最低分数线.pdf,1
2026,徐汇区,上海市第二初级中学,041305,上海市第二中学（梅陇校区）,042002,区属,742,800,0.927500,否,50,400,137,120,146,【徐汇】【2026】名额到校最低分数线.pdf,1
2026,徐汇区,上海市第二初级中学,041305,上海市第二中学,042001,区属,736,800,0.920000,否,50,402,143,126,144,【徐汇】【2026】名额到校最低分数线.pdf,1
2026,徐汇区,上海市位育初级中学,041302,上海市南洋中学,043015,区属,727.5,800,0.909375,否,50,394.5,125,130,140,【徐汇】【2026】名额到校最低分数线.pdf,1
2026,徐汇区,上海市位育初级中学,041302,复旦大学附属中学徐汇分校,042036,区属,761,800,0.951250,否,50,416,138,132,148,【徐汇】【2026】名额到校最低分数线.pdf,1
2026,徐汇区,上海市位育初级中学,041302,上海市位育中学,042035,区属,746,800,0.932500,否,50,406,133,128,144,【徐汇】【2026】名额到校最低分数线.pdf,1
2026,徐汇区,上海市位育初级中学,041302,上海市上海中学,042032,委属,765,800,0.956250,否,50,419,143,134,148,【徐汇】【2026】名额到校最低分数线.pdf,1
2026,徐汇区,上海市位育初级中学,041302,上海市南洋模范中学,042008,区属,753.5,800,0.941875,否,50,411.5,140,129,146,【徐汇】【2026】名额到校最低分数线.pdf,1
2026,徐汇区,上海市位育初级中学,041302,上海市第二中学（梅陇校区）,042002,区属,737,800,0.921250,否,50,405,138,121,138,【徐汇】【2026】名额到校最低分数线.pdf,1
2026,徐汇区,上海市位育初级中学,041302,上海市第二中学,042001,区属,738.5,800,0.923125,否,50,397.5,133,119,145,【徐汇】【2026】名额到校最低分数线.pdf,1
2026,徐汇区,上海市徐汇区教育学院附属实验中学,041327,上海市第二中学（梅陇校区）,042002,区属,741,800,0.926250,否,50,413,142,128,134,【徐汇】【2026】名额到校最低分数线.pdf,2
2026,徐汇区,上海市徐汇区教育学院附属实验中学,041327,上海市第二中学,042001,区属,723.5,800,0.904375,否,50,396.5,137,124,133,【徐汇】【2026】名额到校最低分数线.pdf,2
2026,徐汇区,上海市龙苑中学,041326,上海市南洋中学,043015,区属,676,800,0.845000,否,50,349,123,112,133,【徐汇】【2026】名额到校最低分数线.pdf,2
2026,徐汇区,上海市龙苑中学,041326,复旦大学附属中学徐汇分校,042036,区属,730,800,0.912500,否,50,393,125,127,141,【徐汇】【2026】名额到校最低分数线.pdf,2
2026,徐汇区,上海市龙苑中学,041326,上海市位育中学,042035,区属,720.5,800,0.900625,否,50,392.5,121,133,135,【徐汇】【2026】名额到校最低分数线.pdf,2
2026,徐汇区,上海市龙苑中学,041326,上海市南洋模范中学,042008,区属,726,800,0.907500,否,50,387,127,121,144,【徐汇】【2026】名额到校最低分数线.pdf,2
2026,徐汇区,上海市田林第三中学,041320,上海市南洋中学,043015,区属,732,800,0.915000,否,50,399,140,119,138,【徐汇】【2026】名额到校最低分数线.pdf,2
2026,徐汇区,上海市田林第三中学,041320,复旦大学附属中学徐汇分校,042036,区属,760.5,800,0.950625,否,50,416.5,139,128,147,【徐汇】【2026】名额到校最低分数线.pdf,2
2026,徐汇区,上海市田林第三中学,041320,上海市位育中学,042035,区属,747.5,800,0.934375,否,50,401.5,125,131,147,【徐汇】【2026】名额到校最低分数线.pdf,2
2026,徐汇区,上海市田林第三中学,041320,上海市上海中学,042032,委属,763.5,800,0.954375,否,50,417.5,146,127,147,【徐汇】【2026】名额到校最低分数线.pdf,2
2026,徐汇区,上海市田林第三中学,041320,上海市南洋模范中学,042008,区属,756,800,0.945000,否,50,420,137,138,139,【徐汇】【2026】名额到校最低分数线.pdf,2
2026,徐汇区,上海市田林第三中学,041320,上海市第二中学（梅陇校区）,042002,区属,746.5,800,0.933125,否,50,408.5,132,129,140,【徐汇】【2026】名额到校最低分数线.pdf,2
2026,徐汇区,上海市田林第三中学,041320,上海市第二中学,042001,区属,742,800,0.927500,否,50,407,131,129,141,【徐汇】【2026】名额到校最低分数线.pdf,2
2026,徐汇区,上海市田林第二中学,041319,上海市南洋中学,043015,区属,731,800,0.913750,否,50,398,129,126,138,【徐汇】【2026】名额到校最低分数线.pdf,2
2026,徐汇区,上海市田林第二中学,041319,复旦大学附属中学徐汇分校,042036,区属,751.5,800,0.939375,否,50,406.5,128,134,149,【徐汇】【2026】名额到校最低分数线.pdf,2
2026,徐汇区,上海市田林第二中学,041319,上海市位育中学,042035,区属,741,800,0.926250,否,50,405,130,130,140,【徐汇】【2026】名额到校最低分数线.pdf,2
2026,徐汇区,上海市田林第二中学,041319,上海市上海中学,042032,委属,765.5,800,0.956875,否,50,420.5,148,129,148,【徐汇】【2026】名额到校最低分数线.pdf,2
2026,徐汇区,上海市田林第二中学,041319,上海市南洋模范中学,042008,区属,751.5,800,0.939375,否,50,414,138,133,141,【徐汇】【2026】名额到校最低分数线.pdf,2
2026,徐汇区,上海市田林第二中学,041319,上海市第二中学（梅陇校区）,042002,区属,724,800,0.905000,否,50,395.5,126,131,134,【徐汇】【2026】名额到校最低分数线.pdf,2
2026,徐汇区,上海市田林第二中学,041319,上海市第二中学,042001,区属,738,800,0.922500,否,50,404,136,126,141,【徐汇】【2026】名额到校最低分数线.pdf,2
2026,徐汇区,上海市田林中学,041318,上海市南洋中学,043015,区属,727.5,800,0.909375,否,50,402.5,139,121,130,【徐汇】【2026】名额到校最低分数线.pdf,2
2026,徐汇区,上海市田林中学,041318,复旦大学附属中学徐汇分校,042036,区属,728.5,800,0.910625,否,50,397.5,141,122,138,【徐汇】【2026】名额到校最低分数线.pdf,2
2026,徐汇区,上海市田林中学,041318,上海市位育中学,042035,区属,736.5,800,0.920625,否,50,405.5,129,136,135,【徐汇】【2026】名额到校最低分数线.pdf,2
2026,徐汇区,上海市田林中学,041318,上海市上海中学,042032,委属,765,800,0.956250,否,50,419,149,124,146,【徐汇】【2026】名额到校最低分数线.pdf,2
2026,徐汇区,上海市田林中学,041318,上海市南洋模范中学,042008,区属,755.5,800,0.944375,否,50,414.5,147,131,144,【徐汇】【2026】名额到校最低分数线.pdf,2
2026,徐汇区,上海市田林中学,041318,上海市第二中学（梅陇校区）,042002,区属,727,800,0.908750,否,50,401,142,119,134,【徐汇】【2026】名额到校最低分数线.pdf,2
2026,徐汇区,上海市田林中学,041318,上海市第二中学,042001,区属,730.5,800,0.913125,否,50,398,131,127,139,【徐汇】【2026】名额到校最低分数线.pdf,2
2026,徐汇区,上海市南洋初级中学,041316,上海师范大学附属中学,152006,委属,705,800,0.881250,否,50,381,115,122,136,【徐汇】【2026】名额到校最低分数线.pdf,2
2026,徐汇区,上海市南洋初级中学,041316,上海市南洋中学,043015,区属,731.5,800,0.914375,否,50,400.5,135,124,137,【徐汇】【2026】名额到校最低分数线.pdf,2
2026,徐汇区,上海市南洋初级中学,041316,复旦大学附属中学徐汇分校,042036,区属,728,800,0.910000,否,50,401,136,123,134,【徐汇】【2026】名额到校最低分数线.pdf,2
2026,徐汇区,上海市梅园中学,041334,上海市南洋模范中学,042008,区属,739.5,800,0.924375,否,50,401,142,117,143,【徐汇】【2026】名额到校最低分数线.pdf,3
2026,徐汇区,上海市梅园中学,041334,上海市第二中学（梅陇校区）,042002,区属,737.5,800,0.921875,否,50,408.5,138,129,135,【徐汇】【2026】名额到校最低分数线.pdf,3
2026,徐汇区,上海市梅园中学,041334,上海市第二中学,042001,区属,725,800,0.906250,否,50,405,132,129,123,【徐汇】【2026】名额到校最低分数线.pdf,3
2026,徐汇区,上海市汾阳中学,041331,上海市南洋中学,043015,区属,721,800,0.901250,否,50,391,130,124,136,【徐汇】【2026】名额到校最低分数线.pdf,3
2026,徐汇区,上海市汾阳中学,041331,复旦大学附属中学徐汇分校,042036,区属,727,800,0.908750,否,50,391.5,125,123,144,【徐汇】【2026】名额到校最低分数线.pdf,3
2026,徐汇区,上海市汾阳中学,041331,上海市位育中学,042035,区属,737,800,0.921250,否,50,402,133,124,142,【徐汇】【2026】名额到校最低分数线.pdf,3
2026,徐汇区,上海市汾阳中学,041331,上海市南洋模范中学,042008,区属,739.5,800,0.924375,否,50,400.5,126,130,142,【徐汇】【2026】名额到校最低分数线.pdf,3
2026,徐汇区,上海市汾阳中学,041331,上海市第二中学（梅陇校区）,042002,区属,731,800,0.913750,否,50,402.5,133,129,133,【徐汇】【2026】名额到校最低分数线.pdf,3
2026,徐汇区,上海市汾阳中学,041331,上海市第二中学,042001,区属,726,800,0.907500,否,50,396,131,125,138,【徐汇】【2026】名额到校最低分数线.pdf,3
2026,徐汇区,上海市园南中学,041329,上海交通大学附属中学,102056,委属,766,800,0.957500,否,50,425,149,131,147,【徐汇】【2026】名额到校最低分数线.pdf,3
2026,徐汇区,上海市园南中学,041329,上海市南洋中学,043015,区属,728,800,0.910000,否,50,400,127,128,133,【徐汇】【2026】名额到校最低分数线.pdf,3
2026,徐汇区,上海市园南中学,041329,复旦大学附属中学徐汇分校,042036,区属,760,800,0.950000,否,50,419,145,130,144,【徐汇】【2026】名额到校最低分数线.pdf,3
2026,徐汇区,上海市园南中学,041329,上海市位育中学,042035,区属,744,800,0.930000,否,50,405,134,125,145,【徐汇】【2026】名额到校最低分数线.pdf,3
2026,徐汇区,上海市园南中学,041329,上海市上海中学,042032,委属,767,800,0.958750,否,50,429.5,150,136,144,【徐汇】【2026】名额到校最低分数线.pdf,3
2026,徐汇区,上海市园南中学,041329,上海市南洋模范中学,042008,区属,756,800,0.945000,否,50,421,146,128,142,【徐汇】【2026】名额到校最低分数线.pdf,3
2026,徐汇区,上海市园南中学,041329,上海市第二中学（梅陇校区）,042002,区属,743.5,800,0.929375,否,50,404.5,134,131,142,【徐汇】【2026】名额到校最低分数线.pdf,3
2026,徐汇区,上海市园南中学,041329,上海市第二中学,042001,区属,735,800,0.918750,否,50,400,124,132,141,【徐汇】【2026】名额到校最低分数线.pdf,3
2026,徐汇区,上海市徐汇区教育学院附属实验中学南部分校,041328,上海师范大学附属中学,152006,委属,733.5,800,0.916875,否,50,406.5,132,128,134,【徐汇】【2026】名额到校最低分数线.pdf,3
2026,徐汇区,上海市徐汇区教育学院附属实验中学南部分校,041328,上海市南洋中学,043015,区属,731,800,0.913750,否,50,406,137,125,130,【徐汇】【2026】名额到校最低分数线.pdf,3
2026,徐汇区,上海市徐汇区教育学院附属实验中学南部分校,041328,复旦大学附属中学徐汇分校,042036,区属,761.5,800,0.951875,否,50,416.5,134,137,147,【徐汇】【2026】名额到校最低分数线.pdf,3
2026,徐汇区,上海市徐汇区教育学院附属实验中学南部分校,041328,上海市位育中学,042035,区属,741,800,0.926250,否,50,408.5,131,131,140,【徐汇】【2026】名额到校最低分数线.pdf,3
2026,徐汇区,上海市徐汇区教育学院附属实验中学南部分校,041328,上海市南洋模范中学,042008,区属,752.5,800,0.940625,否,50,411.5,140,126,145,【徐汇】【2026】名额到校最低分数线.pdf,3
2026,徐汇区,上海市徐汇区教育学院附属实验中学南部分校,041328,上海市第二中学（梅陇校区）,042002,区属,738.5,800,0.923125,否,50,401.5,131,129,145,【徐汇】【2026】名额到校最低分数线.pdf,3
2026,徐汇区,上海市徐汇区教育学院附属实验中学南部分校,041328,上海市第二中学,042001,区属,723.5,800,0.904375,否,50,397.5,134,123,137,【徐汇】【2026】名额到校最低分数线.pdf,3
2026,徐汇区,上海市徐汇区教育学院附属实验中学,041327,上海交通大学附属中学,102056,委属,763,800,0.953750,否,50,421,143,136,144,【徐汇】【2026】名额到校最低分数线.pdf,3
2026,徐汇区,上海市徐汇区教育学院附属实验中学,041327,上海市南洋中学,043015,区属,725,800,0.906250,否,50,392,119,129,139,【徐汇】【2026】名额到校最低分数线.pdf,3
2026,徐汇区,上海市徐汇区教育学院附属实验中学,041327,复旦大学附属中学徐汇分校,042036,区属,759,800,0.948750,否,50,417,150,123,145,【徐汇】【2026】名额到校最低分数线.pdf,3
2026,徐汇区,上海市徐汇区教育学院附属实验中学,041327,上海市位育中学,042035,区属,745.5,800,0.931875,否,50,405,138,122,145,【徐汇】【2026】名额到校最低分数线.pdf,3
2026,徐汇区,上海市徐汇区教育学院附属实验中学,041327,上海市上海中学,042032,委属,766.5,800,0.958125,否,50,426.5,148,133,143,【徐汇】【2026】名额到校最低分数线.pdf,3
2026,徐汇区,上海市徐汇区教育学院附属实验中学,041327,上海市南洋模范中学,042008,区属,750.5,800,0.938125,否,50,414.5,148,124,144,【徐汇】【2026】名额到校最低分数线.pdf,3
2026,徐汇区,上海市民办华育中学,041385,上海市位育中学,042035,区属,739,800,0.923750,否,50,405,133,130,142,【徐汇】【2026】名额到校最低分数线.pdf,4
2026,徐汇区,上海市民办华育中学,041385,上海市南洋模范中学,042008,区属,753.5,800,0.941875,否,50,409.5,141,125,148,【徐汇】【2026】名额到校最低分数线.pdf,4
2026,徐汇区,上海市民办华育中学,041385,上海市第二中学（梅陇校区）,042002,区属,734.5,800,0.918125,否,50,403.5,140,129,140,【徐汇】【2026】名额到校最低分数线.pdf,4
2026,徐汇区,上海市民办华育中学,041385,上海市第二中学,042001,区属,698.5,800,0.873125,否,50,372.5,114,117,132,【徐汇】【2026】名额到校最低分数线.pdf,4
2026,徐汇区,上海市世外中学,041363,复旦大学附属中学,102057,委属,762.5,800,0.953125,否,50,425.5,146,132,144,【徐汇】【2026】名额到校最低分数线.pdf,4
2026,徐汇区,上海市世外中学,041363,上海市南洋中学,043015,区属,721.5,800,0.901875,否,50,396.5,124,127,134,【徐汇】【2026】名额到校最低分数线.pdf,4
2026,徐汇区,上海市世外中学,041363,复旦大学附属中学徐汇分校,042036,区属,761,800,0.951250,否,50,418,138,132,147,【徐汇】【2026】名额到校最低分数线.pdf,4
2026,徐汇区,上海市世外中学,041363,上海市位育中学,042035,区属,747.5,800,0.934375,否,50,412.5,146,126,142,【徐汇】【2026】名额到校最低分数线.pdf,4
2026,徐汇区,上海市世外中学,041363,上海市上海中学,042032,委属,767,800,0.958750,否,50,421,146,129,149,【徐汇】【2026】名额到校最低分数线.pdf,4
2026,徐汇区,上海市世外中学,041363,上海市南洋模范中学,042008,区属,756.5,800,0.945625,否,50,420.5,142,132,138,【徐汇】【2026】名额到校最低分数线.pdf,4
2026,徐汇区,上海市世外中学,041363,上海市第二中学（梅陇校区）,042002,区属,738,800,0.922500,否,50,397,126,131,144,【徐汇】【2026】名额到校最低分数线.pdf,4
2026,徐汇区,上海市世外中学,041363,上海市第二中学,042001,区属,733.5,800,0.916875,否,50,402.5,135,123,138,【徐汇】【2026】名额到校最低分数线.pdf,4
2026,徐汇区,上海市康健外国语实验中学,041347,上海市南洋中学,043015,区属,730,800,0.912500,否,50,399,135,120,136,【徐汇】【2026】名额到校最低分数线.pdf,4
2026,徐汇区,上海市康健外国语实验中学,041347,复旦大学附属中学徐汇分校,042036,区属,757.5,800,0.946875,否,50,411.5,137,130,149,【徐汇】【2026】名额到校最低分数线.pdf,4
2026,徐汇区,上海市康健外国语实验中学,041347,上海市位育中学,042035,区属,746.5,800,0.933125,否,50,409.5,140,131,143,【徐汇】【2026】名额到校最低分数线.pdf,4
2026,徐汇区,上海市康健外国语实验中学,041347,上海市上海中学,042032,委属,751,800,0.938750,否,50,416,144,126,139,【徐汇】【2026】名额到校最低分数线.pdf,4
2026,徐汇区,上海市康健外国语实验中学,041347,上海市南洋模范中学,042008,区属,750,800,0.937500,否,50,411,143,125,143,【徐汇】【2026】名额到校最低分数线.pdf,4
2026,徐汇区,上海市康健外国语实验中学,041347,上海市第二中学（梅陇校区）,042002,区属,746,800,0.932500,否,50,404.5,130,131,144,【徐汇】【2026】名额到校最低分数线.pdf,4
2026,徐汇区,上海市康健外国语实验中学,041347,上海市第二中学,042001,区属,736.5,800,0.920625,否,50,407.5,138,129,139,【徐汇】【2026】名额到校最低分数线.pdf,4
2026,徐汇区,上海市紫阳中学,041336,复旦大学附属中学,102057,委属,764.5,800,0.955625,否,50,423.5,150,129,146,【徐汇】【2026】名额到校最低分数线.pdf,4
2026,徐汇区,上海市紫阳中学,041336,上海市南洋中学,043015,区属,727,800,0.908750,否,50,396,128,124,140,【徐汇】【2026】名额到校最低分数线.pdf,4
2026,徐汇区,上海市紫阳中学,041336,复旦大学附属中学徐汇分校,042036,区属,755,800,0.943750,否,50,422,140,138,138,【徐汇】【2026】名额到校最低分数线.pdf,4
2026,徐汇区,上海市紫阳中学,041336,上海市位育中学,042035,区属,745,800,0.931250,否,50,408,136,125,144,【徐汇】【2026】名额到校最低分数线.pdf,4
2026,徐汇区,上海市紫阳中学,041336,上海市上海中学,042032,委属,764.5,800,0.955625,否,50,417.5,147,126,145,【徐汇】【2026】名额到校最低分数线.pdf,4
2026,徐汇区,上海市紫阳中学,041336,上海市南洋模范中学,042008,区属,755.5,800,0.944375,否,50,417.5,146,128,145,【徐汇】【2026】名额到校最低分数线.pdf,4
2026,徐汇区,上海市紫阳中学,041336,上海市第二中学（梅陇校区）,042002,区属,739,800,0.923750,否,50,406,137,126,134,【徐汇】【2026】名额到校最低分数线.pdf,4
2026,徐汇区,上海市紫阳中学,041336,上海市第二中学,042001,区属,729,800,0.911250,否,50,400,130,128,132,【徐汇】【2026】名额到校最低分数线.pdf,4
2026,徐汇区,上海市梅园中学,041334,上海市南洋中学,043015,区属,723.5,800,0.904375,否,50,394.5,136,126,135,【徐汇】【2026】名额到校最低分数线.pdf,4
2026,徐汇区,上海市梅园中学,041334,复旦大学附属中学徐汇分校,042036,区属,765,800,0.956250,否,50,423,146,131,144,【徐汇】【2026】名额到校最低分数线.pdf,4
2026,徐汇区,上海市梅园中学,041334,上海市位育中学,042035,区属,742.5,800,0.928125,否,50,406.5,134,129,141,【徐汇】【2026】名额到校最低分数线.pdf,4
2026,徐汇区,徐汇南校,044110,上海市南洋中学,043015,区属,721.5,800,0.901875,否,50,390,141,113,140,【徐汇】【2026】名额到校最低分数线.pdf,5
2026,徐汇区,徐汇南校,044110,复旦大学附属中学徐汇分校,042036,区属,756.5,800,0.945625,否,50,414.5,146,129,145,【徐汇】【2026】名额到校最低分数线.pdf,5
2026,徐汇区,徐汇南校,044110,上海市位育中学,042035,区属,741.5,800,0.926875,否,50,409.5,140,131,140,【徐汇】【2026】名额到校最低分数线.pdf,5
2026,徐汇区,徐汇南校,044110,上海市南洋模范中学,042008,区属,744,800,0.930000,否,50,416,138,132,137,【徐汇】【2026】名额到校最低分数线.pdf,5
2026,徐汇区,徐汇南校,044110,上海市第二中学（梅陇校区）,042002,区属,735,800,0.918750,否,50,400,123,131,138,【徐汇】【2026】名额到校最低分数线.pdf,5
2026,徐汇区,徐汇南校,044110,上海市第二中学,042001,区属,726.5,800,0.908125,否,50,397.5,132,126,134,【徐汇】【2026】名额到校最低分数线.pdf,5
2026,徐汇区,上海市徐汇中学,044109,上海师范大学附属中学,152006,委属,741,800,0.926250,否,50,399,144,114,145,【徐汇】【2026】名额到校最低分数线.pdf,5
2026,徐汇区,上海市徐汇中学,044109,上海市南洋中学,043015,区属,725,800,0.906250,否,50,395,128,128,135,【徐汇】【2026】名额到校最低分数线.pdf,5
2026,徐汇区,上海市徐汇中学,044109,复旦大学附属中学徐汇分校,042036,区属,760.5,800,0.950625,否,50,422.5,144,134,142,【徐汇】【2026】名额到校最低分数线.pdf,5
2026,徐汇区,上海市徐汇中学,044109,上海市位育中学,042035,区属,750,800,0.937500,否,50,411,139,129,143,【徐汇】【2026】名额到校最低分数线.pdf,5
2026,徐汇区,上海市徐汇中学,044109,上海市南洋模范中学,042008,区属,758,800,0.947500,否,50,414,146,126,147,【徐汇】【2026】名额到校最低分数线.pdf,5
2026,徐汇区,上海市徐汇中学,044109,上海市第二中学（梅陇校区）,042002,区属,727.5,800,0.909375,否,50,404.5,135,124,133,【徐汇】【2026】名额到校最低分数线.pdf,5
2026,徐汇区,上海市徐汇中学,044109,上海市第二中学,042001,区属,734,800,0.917500,否,50,394,129,127,145,【徐汇】【2026】名额到校最低分数线.pdf,5
2026,徐汇区,上海市第五十四中学,044107,上海市南洋中学,043015,区属,736.5,800,0.920625,否,50,404.5,135,126,141,【徐汇】【2026】名额到校最低分数线.pdf,5
2026,徐汇区,上海市第五十四中学,044107,复旦大学附属中学徐汇分校,042036,区属,763.5,800,0.954375,否,50,421.5,149,124,147,【徐汇】【2026】名额到校最低分数线.pdf,5
2026,徐汇区,上海市第五十四中学,044107,上海市位育中学,042035,区属,746,800,0.932500,否,50,407,135,126,143,【徐汇】【2026】名额到校最低分数线.pdf,5
2026,徐汇区,上海市第五十四中学,044107,上海市上海中学,042032,委属,767,800,0.958750,否,50,422,150,128,148,【徐汇】【2026】名额到校最低分数线.pdf,5
2026,徐汇区,上海市第五十四中学,044107,上海市南洋模范中学,042008,区属,752,800,0.940000,否,50,415,137,134,140,【徐汇】【2026】名额到校最低分数线.pdf,5
2026,徐汇区,上海市第五十四中学,044107,上海市第二中学（梅陇校区）,042002,区属,734,800,0.917500,否,50,401,131,125,140,【徐汇】【2026】名额到校最低分数线.pdf,5
2026,徐汇区,上海市第五十四中学,044107,上海市第二中学,042001,区属,748,800,0.935000,否,50,409,139,128,145,【徐汇】【2026】名额到校最低分数线.pdf,5
2026,徐汇区,上海市中国中学,044103,上海市南洋中学,043015,区属,724,800,0.905000,否,50,395,123,132,135,【徐汇】【2026】名额到校最低分数线.pdf,5
2026,徐汇区,上海市中国中学,044103,复旦大学附属中学徐汇分校,042036,区属,763,800,0.953750,否,50,420,145,129,147,【徐汇】【2026】名额到校最低分数线.pdf,5
2026,徐汇区,上海市中国中学,044103,上海市位育中学,042035,区属,749.5,800,0.936875,否,50,410.5,139,132,143,【徐汇】【2026】名额到校最低分数线.pdf,5
2026,徐汇区,上海市中国中学,044103,上海市上海中学,042032,委属,765,800,0.956250,否,50,424,149,130,146,【徐汇】【2026】名额到校最低分数线.pdf,5
2026,徐汇区,上海市中国中学,044103,上海市南洋模范中学,042008,区属,754.5,800,0.943125,否,50,415.5,136,133,140,【徐汇】【2026】名额到校最低分数线.pdf,5
2026,徐汇区,上海市中国中学,044103,上海市第二中学（梅陇校区）,042002,区属,740,800,0.925000,否,50,407,143,123,140,【徐汇】【2026】名额到校最低分数线.pdf,5
2026,徐汇区,上海市中国中学,044103,上海市第二中学,042001,区属,728.5,800,0.910625,否,50,399.5,129,128,135,【徐汇】【2026】名额到校最低分数线.pdf,5
2026,徐汇区,上海市民办华育中学,041385,上海师范大学附属中学,152006,委属,735.5,800,0.919375,否,50,401.5,141,120,141,【徐汇】【2026】名额到校最低分数线.pdf,5
2026,徐汇区,上海市民办华育中学,041385,上海市南洋中学,043015,区属,710,800,0.887500,否,50,389,127,123,129,【徐汇】【2026】名额到校最低分数线.pdf,5
2026,徐汇区,上海市民办华育中学,041385,复旦大学附属中学徐汇分校,042036,区属,761,800,0.951250,否,50,423,145,130,144,【徐汇】【2026】名额到校最低分数线.pdf,5
2026,徐汇区,上海市西南模范中学,044164,上海市第二中学（梅陇校区）,042002,区属,748,800,0.935000,否,50,411,126,138,142,【徐汇】【2026】名额到校最低分数线.pdf,6
2026,徐汇区,上海市西南模范中学,044164,上海市第二中学,042001,区属,735,800,0.918750,否,50,404.5,140,126,134,【徐汇】【2026】名额到校最低分数线.pdf,6
2026,徐汇区,上海市西南位育中学,044162,华东师范大学第二附属中学,152003,委属,760.5,800,0.950625,否,50,417.5,146,129,145,【徐汇】【2026】名额到校最低分数线.pdf,6
2026,徐汇区,上海市西南位育中学,044162,复旦大学附属中学,102057,委属,764.5,800,0.955625,否,50,422.5,146,132,146,【徐汇】【2026】名额到校最低分数线.pdf,6
2026,徐汇区,上海市西南位育中学,044162,上海市南洋中学,043015,区属,724,800,0.905000,否,50,396,130,125,135,【徐汇】【2026】名额到校最低分数线.pdf,6
2026,徐汇区,上海市西南位育中学,044162,复旦大学附属中学徐汇分校,042036,区属,739,800,0.923750,否,50,408,147,121,137,【徐汇】【2026】名额到校最低分数线.pdf,6
2026,徐汇区,上海市西南位育中学,044162,上海市位育中学,042035,区属,735.5,800,0.919375,否,50,400.5,131,127,142,【徐汇】【2026】名额到校最低分数线.pdf,6
2026,徐汇区,上海市西南位育中学,044162,上海市南洋模范中学,042008,区属,747.5,800,0.934375,否,50,411.5,135,131,141,【徐汇】【2026】名额到校最低分数线.pdf,6
2026,徐汇区,上海市西南位育中学,044162,上海市第二中学（梅陇校区）,042002,区属,737,800,0.921250,否,50,408,136,130,133,【徐汇】【2026】名额到校最低分数线.pdf,6
2026,徐汇区,上海市西南位育中学,044162,上海市第二中学,042001,区属,726,800,0.907500,否,50,398,140,117,136,【徐汇】【2026】名额到校最低分数线.pdf,6
2026,徐汇区,华东理工大学附属中学,044133,上海市南洋中学,043015,区属,734,800,0.917500,否,50,397,139,116,143,【徐汇】【2026】名额到校最低分数线.pdf,6
2026,徐汇区,华东理工大学附属中学,044133,复旦大学附属中学徐汇分校,042036,区属,756,800,0.945000,否,50,423,150,129,136,【徐汇】【2026】名额到校最低分数线.pdf,6
2026,徐汇区,华东理工大学附属中学,044133,上海市位育中学,042035,区属,742,800,0.927500,否,50,413,146,125,140,【徐汇】【2026】名额到校最低分数线.pdf,6
2026,徐汇区,华东理工大学附属中学,044133,上海市南洋模范中学,042008,区属,743.5,800,0.929375,否,50,402.5,124,133,145,【徐汇】【2026】名额到校最低分数线.pdf,6
2026,徐汇区,华东理工大学附属中学,044133,上海市第二中学（梅陇校区）,042002,区属,734.5,800,0.918125,否,50,404.5,138,126,141,【徐汇】【2026】名额到校最低分数线.pdf,6
2026,徐汇区,华东理工大学附属中学,044133,上海市第二中学,042001,区属,731,800,0.913750,否,50,403,127,132,133,【徐汇】【2026】名额到校最低分数线.pdf,6
2026,徐汇区,上海市零陵中学,044114,上海市南洋中学,043015,区属,724.5,800,0.905625,否,50,390.5,131,120,141,【徐汇】【2026】名额到校最低分数线.pdf,6
2026,徐汇区,上海市零陵中学,044114,复旦大学附属中学徐汇分校,042036,区属,740.5,800,0.925625,否,50,403.5,139,123,142,【徐汇】【2026】名额到校最低分数线.pdf,6
2026,徐汇区,上海市零陵中学,044114,上海市位育中学,042035,区属,743.5,800,0.929375,否,50,402.5,135,125,143,【徐汇】【2026】名额到校最低分数线.pdf,6
2026,徐汇区,上海市零陵中学,044114,上海市上海中学,042032,委属,757.5,800,0.946875,否,50,418.5,146,131,144,【徐汇】【2026】名额到校最低分数线.pdf,6
2026,徐汇区,上海市零陵中学,044114,上海市南洋模范中学,042008,区属,747,800,0.933750,否,50,408,146,119,145,【徐汇】【2026】名额到校最低分数线.pdf,6
2026,徐汇区,上海市零陵中学,044114,上海市第二中学（梅陇校区）,042002,区属,732.5,800,0.915625,否,50,397.5,130,123,144,【徐汇】【2026】名额到校最低分数线.pdf,6
2026,徐汇区,上海市零陵中学,044114,上海市第二中学,042001,区属,730.5,800,0.913125,否,50,396.5,131,129,141,【徐汇】【2026】名额到校最低分数线.pdf,6
2026,徐汇区,上海市第四中学,044111,上海师范大学附属中学,152006,委属,722.5,800,0.903125,否,50,391.5,133,129,137,【徐汇】【2026】名额到校最低分数线.pdf,6
2026,徐汇区,上海市第四中学,044111,上海市南洋中学,043015,区属,726.5,800,0.908125,否,50,398.5,127,131,135,【徐汇】【2026】名额到校最低分数线.pdf,6
2026,徐汇区,上海市第四中学,044111,复旦大学附属中学徐汇分校,042036,区属,743.5,800,0.929375,否,50,410.5,141,127,139,【徐汇】【2026】名额到校最低分数线.pdf,6
2026,徐汇区,上海市第四中学,044111,上海市位育中学,042035,区属,743.5,800,0.929375,否,50,418.5,138,132,131,【徐汇】【2026】名额到校最低分数线.pdf,6
2026,徐汇区,上海市第四中学,044111,上海市南洋模范中学,042008,区属,752,800,0.940000,否,50,414,141,128,143,【徐汇】【2026】名额到校最低分数线.pdf,6
2026,徐汇区,上海市第四中学,044111,上海市第二中学（梅陇校区）,042002,区属,720,800,0.900000,否,50,383,127,113,142,【徐汇】【2026】名额到校最低分数线.pdf,6
2026,徐汇区,上海市第四中学,044111,上海市第二中学,042001,区属,732.5,800,0.915625,否,50,397.5,135,124,143,【徐汇】【2026】名额到校最低分数线.pdf,6
2026,徐汇区,上海市徐汇区上汇实验学校,045306,上海市南洋模范中学,042008,区属,751.5,800,0.939375,否,50,410.5,136,129,144,【徐汇】【2026】名额到校最低分数线.pdf,7
2026,徐汇区,上海市徐汇区上汇实验学校,045306,上海市第二中学（梅陇校区）,042002,区属,746.5,800,0.933125,否,50,415.5,141,131,137,【徐汇】【2026】名额到校最低分数线.pdf,7
2026,徐汇区,上海市徐汇区上汇实验学校,045306,上海市第二中学,042001,区属,726,800,0.907500,否,50,396,133,124,136,【徐汇】【2026】名额到校最低分数线.pdf,7
2026,徐汇区,上海市位育实验学校,045304,上海市南洋中学,043015,区属,725.5,800,0.906875,否,50,393.5,123,130,138,【徐汇】【2026】名额到校最低分数线.pdf,7
2026,徐汇区,上海市位育实验学校,045304,复旦大学附属中学徐汇分校,042036,区属,763,800,0.953750,否,50,419,143,135,146,【徐汇】【2026】名额到校最低分数线.pdf,7
2026,徐汇区,上海市位育实验学校,045304,上海市位育中学,042035,区属,739.5,800,0.924375,否,50,407.5,133,130,141,【徐汇】【2026】名额到校最低分数线.pdf,7
2026,徐汇区,上海市位育实验学校,045304,上海市南洋模范中学,042008,区属,757,800,0.946250,否,50,424,141,140,141,【徐汇】【2026】名额到校最低分数线.pdf,7
2026,徐汇区,上海市位育实验学校,045304,上海市第二中学（梅陇校区）,042002,区属,736.5,800,0.920625,否,50,408.5,142,122,135,【徐汇】【2026】名额到校最低分数线.pdf,7
2026,徐汇区,上海市位育实验学校,045304,上海市第二中学,042001,区属,730,800,0.912500,否,50,399,130,123,139,【徐汇】【2026】名额到校最低分数线.pdf,7
2026,徐汇区,上海民办南模中学,044182,上海师范大学附属中学,152006,委属,731,800,0.913750,否,50,399,133,127,138,【徐汇】【2026】名额到校最低分数线.pdf,7
2026,徐汇区,上海民办南模中学,044182,上海市南洋中学,043015,区属,725,800,0.906250,否,50,385,123,125,145,【徐汇】【2026】名额到校最低分数线.pdf,7
2026,徐汇区,上海民办南模中学,044182,复旦大学附属中学徐汇分校,042036,区属,765,800,0.956250,否,50,419,148,128,148,【徐汇】【2026】名额到校最低分数线.pdf,7
2026,徐汇区,上海民办南模中学,044182,上海市位育中学,042035,区属,751,800,0.938750,否,50,414,141,127,143,【徐汇】【2026】名额到校最低分数线.pdf,7
2026,徐汇区,上海民办南模中学,044182,上海市南洋模范中学,042008,区属,761,800,0.951250,否,50,419,146,129,145,【徐汇】【2026】名额到校最低分数线.pdf,7
2026,徐汇区,上海民办南模中学,044182,上海市第二中学（梅陇校区）,042002,区属,715,800,0.893750,否,50,380,133,118,138,【徐汇】【2026】名额到校最低分数线.pdf,7
2026,徐汇区,上海民办南模中学,044182,上海市第二中学,042001,区属,738,800,0.922500,否,50,402,129,130,143,【徐汇】【2026】名额到校最低分数线.pdf,7
2026,徐汇区,上海民办位育中学,044181,上海市南洋中学,043015,区属,722.5,800,0.903125,否,50,385.5,132,122,143,【徐汇】【2026】名额到校最低分数线.pdf,7
2026,徐汇区,上海民办位育中学,044181,复旦大学附属中学徐汇分校,042036,区属,763,800,0.953750,否,50,420,146,128,145,【徐汇】【2026】名额到校最低分数线.pdf,7
2026,徐汇区,上海民办位育中学,044181,上海市位育中学,042035,区属,744,800,0.930000,否,50,407,129,132,141,【徐汇】【2026】名额到校最低分数线.pdf,7
2026,徐汇区,上海民办位育中学,044181,上海市上海中学,042032,委属,767,800,0.958750,否,50,422,142,133,148,【徐汇】【2026】名额到校最低分数线.pdf,7
2026,徐汇区,上海民办位育中学,044181,上海市南洋模范中学,042008,区属,754,800,0.942500,否,50,412,135,136,144,【徐汇】【2026】名额到校最低分数线.pdf,7
2026,徐汇区,上海民办位育中学,044181,上海市第二中学（梅陇校区）,042002,区属,739,800,0.923750,否,50,398,142,118,143,【徐汇】【2026】名额到校最低分数线.pdf,7
2026,徐汇区,上海民办位育中学,044181,上海市第二中学,042001,区属,720,800,0.900000,否,50,390,125,127,136,【徐汇】【2026】名额到校最低分数线.pdf,7
2026,徐汇区,上海市西南模范中学,044164,华东师范大学第二附属中学,152003,委属,766,800,0.957500,否,50,426,141,139,142,【徐汇】【2026】名额到校最低分数线.pdf,7
2026,徐汇区,上海市西南模范中学,044164,上海交通大学附属中学,102056,委属,766.5,800,0.958125,否,50,424.5,145,131,145,【徐汇】【2026】名额到校最低分数线.pdf,7
2026,徐汇区,上海市西南模范中学,044164,上海市南洋中学,043015,区属,725,800,0.906250,否,50,392,131,123,138,【徐汇】【2026】名额到校最低分数线.pdf,7
2026,徐汇区,上海市西南模范中学,044164,复旦大学附属中学徐汇分校,042036,区属,761.5,800,0.951875,否,50,420.5,141,131,146,【徐汇】【2026】名额到校最低分数线.pdf,7
2026,徐汇区,上海市西南模范中学,044164,上海市位育中学,042035,区属,751,800,0.938750,否,50,413,138,136,141,【徐汇】【2026】名额到校最低分数线.pdf,7
2026,徐汇区,上海市西南模范中学,044164,上海市上海中学,042032,委属,766,800,0.957500,否,50,421,139,133,146,【徐汇】【2026】名额到校最低分数线.pdf,7
2026,徐汇区,上海市西南模范中学,044164,上海市南洋模范中学,042008,区属,756.5,800,0.945625,否,50,414.5,147,127,146,【徐汇】【2026】名额到校最低分数线.pdf,7
2026,徐汇区,上海师范大学第三附属实验学校,045444,华东师范大学第二附属中学,152003,委属,766,800,0.957500,否,50,420,145,128,149,【徐汇】【2026】名额到校最低分数线.pdf,8
2026,徐汇区,上海师范大学第三附属实验学校,045444,上海市南洋中学,043015,区属,739,800,0.923750,否,50,409,135,128,133,【徐汇】【2026】名额到校最低分数线.pdf,8
2026,徐汇区,上海师范大学第三附属实验学校,045444,复旦大学附属中学徐汇分校,042036,区属,762,800,0.952500,否,50,421,146,129,144,【徐汇】【2026】名额到校最低分数线.pdf,8
2026,徐汇区,上海师范大学第三附属实验学校,045444,上海市位育中学,042035,区属,753.5,800,0.941875,否,50,413.5,142,130,141,【徐汇】【2026】名额到校最低分数线.pdf,8
2026,徐汇区,上海师范大学第三附属实验学校,045444,上海市南洋模范中学,042008,区属,757.5,800,0.946875,否,50,416.5,138,130,146,【徐汇】【2026】名额到校最低分数线.pdf,8
2026,徐汇区,上海师范大学第三附属实验学校,045444,上海市第二中学（梅陇校区）,042002,区属,743.5,800,0.929375,否,50,408.5,138,129,141,【徐汇】【2026】名额到校最低分数线.pdf,8
2026,徐汇区,上海师范大学第三附属实验学校,045444,上海市第二中学,042001,区属,736.5,800,0.920625,否,50,405.5,143,125,143,【徐汇】【2026】名额到校最低分数线.pdf,8
2026,徐汇区,上海市徐汇区上汇实验学校,045306,复旦大学附属中学,102057,委属,767.5,800,0.959375,否,50,422.5,145,129,148,【徐汇】【2026】名额到校最低分数线.pdf,8
2026,徐汇区,上海市徐汇区上汇实验学校,045306,上海市南洋中学,043015,区属,718.5,800,0.898125,否,50,387.5,124,123,139,【徐汇】【2026】名额到校最低分数线.pdf,8
2026,徐汇区,上海市徐汇区上汇实验学校,045306,复旦大学附属中学徐汇分校,042036,区属,765.5,800,0.956875,否,50,424.5,146,132,142,【徐汇】【2026】名额到校最低分数线.pdf,8
2026,徐汇区,上海市徐汇区上汇实验学校,045306,上海市位育中学,042035,区属,747,800,0.933750,否,50,411,144,127,144,【徐汇】【2026】名额到校最低分数线.pdf,8
